10 153
114 61
15 147
49 114
46 142
110 37
80 90
43 86
62 70
88 79
1 1 1 1 0 1 1 1 1 1 1 0 1 1 1 1 1 1 1 0 0 1 1 1 1 0 1 0 a 1 1 1 1 1 1 0 1 1 1 1 1 1 1 1 1 1 1 1 1 1 1 1 0 0 a 1 1 1 1 1 1 1 0 1 1 0 0 1 1 1 1 1 1 0 1 1 0 1 1 1 0 0 1 1 1 0 1 1 1 1 1 1 1 1 1 0 1 1 a 1 1 0 0 1 1 0 1 0 1 0 0 1 1 1 1 1 0 1 a a 1 1 1 1 1 1 1 0 0 1 1 1 1 0 0 0 2 1 2 1 2 1 2 1 2 1 2 1 2 2 1 2 0 2 1 0 1 1 1 0
1 1 1 1 1 1 1 1 1 0 1 1 0 1 1 1 1 1 0 1 1 1 1 1 1 1 1 1 a 1 1 1 1 0 1 0 1 1 1 1 1 1 1 1 1 1 0 1 1 1 1 1 0 1 a 1 1 1 1 1 1 1 1 1 1 0 1 1 1 1 1 1 1 0 0 1 0 1 1 1 1 1 1 1 1 1 1 1 1 0 0 1 1 0 0 1 1 1 a 1 1 0 0 1 0 1 1 1 1 1 1 1 1 1 0 1 1 1 a a 1 1 1 1 1 0 1 1 1 1 0 0 2 2 2 0 2 2 0 1 1 2 1 2 2 1 2 0 0 2 1 1 1 1 1 0 2 0 2 0
1 1 1 1 1 1 1 1 1 1 1 1 1 1 0 0 1 0 1 1 1 0 1 1 1 1 1 1 a 1 1 0 1 1 1 1 1 0 0 1 1 1 1 1 1 1 0 1 1 1 1 1 0 1 a 0 0 1 0 0 1 1 0 1 1 1 1 1 1 1 1 1 0 1 1 1 1 1 1 1 1 1 0 1 1 0 1 1 1 1 0 1 1 1 1 1 1 1 a 0 1 1 0 0 1 0 1 0 1 1 1 0 1 1 0 0 0 1 a a 1 1 1 0 1 1 1 1 1 0 1 1 1 1 1 2 2 0 1 0 2 0 2 2 0 1 2 1 2 2 2 1 1 2 0 2 2 2 1 2
1 1 1 0 0 0 0 1 1 0 1 1 1 1 0 1 1 1 1 1 1 1 1 0 1 1 0 0 a 0 1 1 1 1 1 1 1 1 1 1 1 1 1 0 0 1 0 1 1 1 1 1 0 1 a 1 1 1 1 0 1 1 0 1 0 0 1 1 1 0 1 1 1 1 0 1 0 0 1 0 1 1 0 1 1 1 1 1 1 1 1 1 0 1 1 1 0 0 a 1 1 0 1 1 1 1 1 1 1 1 1 1 1 0 1 1 1 1 a a 1 1 0 0 1 1 1 1 1 1 1 1 0 0 2 1 1 2 2 1 1 2 2 1 2 1 1 1 2 2 2 2 0 1 0 2 0 0 1 1
1 1 0 1 0 1 1 1 1 1 1 0 1 1 1 1 0 1 1 1 1 1 1 1 0 1 1 1 a 1 1 1 1 0 1 1 1 1 1 1 1 1 1 1 1 0 1 1 1 1 1 1 1 0 a 0 0 1 1 1 0 0 1 0 1 0 1 1 1 1 1 1 1 1 1 1 1 1 1 0 0 0 1 1 0 1 1 1 0 1 1 1 0 1 1 1 1 0 a 0 1 1 1 0 0 1 1 1 0 1 1 1 1 0 1 1 1 1 a a 1 1 1 1 1 1 1 0 0 1 1 0 2 2 2 0 1 0 2 1 1 0 2 2 2 1 2 0 1 0 2 2 1 2 1 1 1 2 2 2
1 1 1 1 1 1 0 1 1 1 1 1 1 1 0 1 1 1 1 1 1 1 1 1 0 1 0 1 a 1 0 1 1 0 0 1 1 1 1 1 0 1 1 1 1 1 1 1 1 1 1 1 1 1 a 1 1 1 1 1 1 1 1 1 0 1 1 0 1 1 0 1 1 1 1 1 1 1 1 1 0 1 1 1 1 1 1 1 1 1 1 1 1 1 0 0 0 1 a 1 1 1 1 1 1 1 1 1 0 0 1 1 1 1 1 0 1 1 a a 1 1 1 1 1 1 1 1 1 1 1 1 1 1 2 1 1 1 1 2 1 0 1 1 2 1 2 2 0 1 2 1 1 2 2 1 2 2 1 1
1 1 1 1 1 1 1 1 1 1 1 1 1 1 1 1 1 1 0 1 1 0 1 1 0 1 1 0 a 1 1 1 0 1 1 1 1 1 0 1 1 0 0 1 1 1 1 1 1 1 1 1 0 1 a 1 1 1 0 1 0 1 1 0 1 0 1 1 1 1 0 1 1 1 1 1 1 1 0 1 1 1 1 1 1 0 1 1 1 0 1 1 1 1 1 1 1 1 a 1 1 1 1 1 1 1 1 1 0 1 0 1 1 0 1 1 1 1 a a 1 1 1 0 1 1 1 1 1 1 1 0 2 0 0 0 2 1 2 1 0 1 0 0 2 0 1 2 1 1 2 1 1 2 0 2 0 1 1 2
0 0 1 1 1 1 0 1 1 0 1 0 0 1 1 0 1 1 1 1 1 0 1 0 1 1 1 1 a 1 1 0 1 1 1 0 0 1 1 1 1 1 0 0 1 1 1 1 1 1 1 1 0 1 a 1 1 1 1 1 1 1 1 1 1 1 1 1 0 0 0 1 1 1 0 0 1 1 1 1 1 1 1 0 1 0 1 1 0 1 1 1 1 1 1 1 1 1 a 1 1 1 0 1 1 1 1 1 1 0 1 1 1 0 1 1 1 1 a a 1 0 1 1 1 1 1 1 1 1 0 1 1 2 2 2 2 1 2 0 1 2 2 1 0 0 2 2 2 2 1 1 2 2 1 2 0 2 1 2
0 1 1 0 1 0 0 1 1 1 1 1 0 1 1 0 1 1 1 1 1 1 1 1 1 1 1 1 a 1 1 0 1 1 1 1 1 1 1 1 1 1 1 0 1 0 0 1 1 1 0 0 1 1 a 1 1 1 0 1 1 1 1 1 1 1 1 1 1 0 1 0 1 1 1 1 0 0 1 0 0 1 0 1 1 1 1 1 1 1 1 1 1 1 1 1 1 1 a 0 1 1 1 1 0 1 1 1 1 1 1 0 1 0 1 1 1 1 a a 0 1 1 1 0 1 1 1 1 1 1 0 2 1 1 2 1 0 0 0 1 0 0 2 0 2 0 2 0 1 1 2 2 2 1 2 2 0 2 1
1 1 1 0 1 1 1 0 1 1 0 1 1 1 1 1 1 1 0 1 1 1 1 1 1 1 1 1 a 1 1 1 1 1 1 1 1 1 1 1 1 1 1 1 1 1 1 1 1 0 1 1 1 1 a 1 1 1 1 0 1 1 1 1 1 0 1 1 1 0 1 0 1 1 1 1 1 1 1 1 1 1 1 1 1 0 1 0 0 1 1 1 0 1 1 1 1 0 a 0 0 1 1 1 1 1 0 1 1 1 1 0 1 0 1 1 1 1 a a 1 0 1 1 0 1 0 1 1 1 1 1 2 2 1 1 2 1 1 1 1 2 2 2 0 1 2 1 1 2 0 2 1 2 1 2 2 2 1 1
1 1 1 1 1 1 1 0 0 1 1 1 1 1 1 1 1 1 1 1 0 1 0 1 1 0 1 1 a 1 0 0 0 1 1 0 1 1 1 1 1 1 0 0 1 1 1 1 1 0 1 1 1 1 a 1 1 1 1 1 1 1 0 0 0 1 1 1 0 1 1 1 1 1 1 0 1 1 1 1 1 1 0 1 0 1 1 1 0 1 1 1 1 1 1 1 1 1 a 1 1 1 1 1 1 1 1 1 1 0 1 1 1 1 1 1 1 0 a a 1 1 1 1 1 1 1 1 1 1 1 1 0 1 2 0 0 2 2 1 1 1 2 2 0 0 1 2 0 2 1 1 1 2 2 2 0 0 1 0
1 1 1 1 1 0 1 0 1 1 1 1 1 0 1 0 0 1 1 1 1 1 1 1 1 0 1 1 a 1 0 1 1 1 0 1 1 1 1 1 1 0 1 0 1 0 1 0 1 1 1 1 1 1 a 1 1 1 1 1 1 1 1 1 1 1 1 1 1 1 1 0 1 1 0 1 0 1 1 1 1 1 1 1 0 1 1 1 1 1 1 1 1 1 1 1 1 1 a 1 1 1 1 1 1 1 1 0 1 0 1 0 1 1 1 1 1 1 a a 1 0 0 0 1 1 0 0 1 1 1 0 0 1 1 1 2 0 1 2 1 2 1 2 1 2 0 2 1 2 0 2 2 0 1 2 0 2 2 2
1 1 1 1 1 0 1 1 1 1 1 0 0 1 1 0 1 1 1 1 1 1 1 1 0 1 0 1 a 1 1 1 1 1 0 1 1 1 0 1 1 1 1 1 1 1 1 1 1 0 1 0 1 1 a 1 1 0 0 1 1 0 0 1 1 0 0 0 1 1 1 1 1 1 0 1 1 0 0 1 1 1 1 1 1 0 0 1 1 1 1 1 1 1 1 1 1 0 a 1 0 0 0 1 1 0 1 1 1 0 1 0 1 1 1 1 1 1 a a 1 1 1 1 1 0 1 1 1 1 1 1 2 1 0 1 0 0 1 1 2 1 2 2 0 2 0 2 0 1 1 1 2 2 2 2 2 1 2 1
1 1 1 1 0 1 1 0 1 1 0 1 1 1 0 1 0 1 1 1 1 1 1 0 1 1 1 1 a 1 1 1 0 0 1 1 1 1 0 1 0 1 0 0 1 1 1 1 1 0 1 1 0 0 a 1 1 0 1 1 0 0 0 1 0 1 1 0 0 1 1 1 1 1 1 1 1 1 0 1 1 1 1 1 1 1 1 0 1 1 0 1 1 0 1 1 1 1 a 1 1 1 1 1 0 1 1 1 1 1 1 1 0 0 1 1 1 1 a a 0 0 0 1 1 1 1 0 1 1 1 1 1 1 1 2 1 1 2 0 0 2 0 2 1 1 0 2 1 1 2 0 2 0 2 2 0 2 1 2
1 1 1 1 1 1 1 1 1 1 0 0 1 1 1 0 1 1 1 1 0 1 1 0 0 1 1 1 a 1 1 0 1 0 0 1 1 0 1 1 1 1 1 0 1 0 0 0 1 1 1 1 1 1 a 0 1 1 1 1 0 1 1 1 1 1 1 1 1 0 1 1 1 1 1 1 0 1 1 1 0 1 0 1 1 1 1 1 1 1 1 1 1 0 1 1 1 1 a 1 1 1 1 0 1 1 1 1 0 0 0 1 1 1 1 1 1 0 a a 0 1 1 1 1 1 1 1 1 1 1 1 1 2 2 2 2 1 1 2 0 2 2 1 2 1 1 2 2 1 0 2 2 2 1 2 1 1 2 1
1 1 1 1 1 1 1 0 0 1 1 1 1 1 1 1 1 1 1 1 0 1 1 0 1 1 1 0 a 1 1 1 1 1 0 1 1 1 1 1 0 1 0 0 0 1 1 1 1 1 1 1 1 1 a 1 0 0 1 1 0 1 1 1 0 1 1 1 1 0 1 1 0 1 1 1 1 0 1 1 1 1 1 1 0 1 1 1 0 1 1 1 1 1 1 0 0 1 a 1 1 1 1 1 1 1 1 1 1 1 0 1 1 0 1 1 1 0 a a 1 1 1 0 0 0 1 0 0 1 0 1 2 2 1 1 2 0 1 0 1 1 2 1 0 2 2 0 1 2 1 0 1 1 2 1 1 2 2 2
1 1 1 1 1 1 1 1 1 1 1 1 1 1 1 1 1 1 1 1 1 0 0 1 1 1 1 1 a 1 1 1 1 1 0 1 1 1 1 1 0 1 1 1 1 1 0 1 1 1 1 1 1 1 a 1 1 1 1 1 1 1 0 1 1 1 1 1 1 1 1 0 1 0 1 1 1 1 1 1 1 1 1 1 0 1 1 1 1 1 1 1 1 1 0 1 1 1 a 0 0 1 1 1 1 0 1 1 0 0 1 1 1 1 0 1 1 1 a a 0 1 1 1 1 1 1 1 0 1 1 1 1 1 0 0 2 2 2 1 1 2 1 0 0 1 1 1 2 1 2 2 2 1 1 2 2 2 1 1
1 1 1 0 1 0 1 1 1 1 1 1 1 1 1 1 0 1 1 1 1 1 1 0 0 0 0 1 a 1 1 1 1 1 1 1 0 1 1 1 1 1 1 1 0 1 1 0 1 1 0 0 0 0 a 1 1 1 0 1 1 1 1 1 0 1 1 1 0 0 1 1 0 1 1 1 1 0 1 1 1 1 1 1 0 1 1 1 1 1 1 1 1 1 1 0 0 0 a 0 1 1 1 1 0 1 1 0 0 1 1 1 1 1 0 1 1 1 a a 1 0 1 1 1 1 1 1 1 1 1 1 2 0 1 1 0 2 2 1 1 1 2 2 2 1 2 0 0 2 2 1 2 2 1 0 2 2 1 2
1 1 0 0 1 1 1 1 0 0 1 1 1 1 0 1 1 1 1 1 1 1 0 1 1 1 0 0 a 1 1 1 0 1 0 1 1 1 1 1 0 1 1 1 1 1 1 1 1 0 1 1 1 1 a 1 1 1 1 1 1 1 1 1 1 1 1 1 1 1 1 1 0 1 0 1 1 1 1 1 1 1 1 1 1 0 0 0 0 1 1 0 0 1 1 1 1 1 a 0 1 1 1 1 1 1 1 1 1 0 1 0 1 0 1 1 0 1 a a 0 1 1 1 1 1 1 0 1 1 1 1 2 2 1 1 1 0 0 2 1 1 2 0 2 0 1 1 1 1 0 2 2 1 1 0 2 1 1 1
0 1 0 1 1 1 1 0 1 0 1 0 1 1 0 1 1 0 0 1 1 1 1 1 1 1 1 1 a 1 1 0 1 1 0 0 1 1 1 1 1 0 1 1 1 1 1 0 1 1 1 1 1 0 a 1 1 1 0 0 1 1 1 1 0 0 1 1 0 1 1 1 1 1 0 0 0 1 1 1 1 1 0 0 1 1 1 1 1 0 1 1 1 1 1 1 0 1 a 0 1 1 1 1 0 1 1 1 1 0 1 1 1 0 1 1 1 1 a a 0 1 1 1 1 1 1 1 1 1 1 1 0 2 1 0 1 2 1 1 1 1 2 0 1 1 1 2 2 0 1 1 1 0 2 0 2 2 1 2
1 1 1 0 0 1 0 1 1 0 0 1 1 0 1 0 1 1 1 0 1 1 1 1 1 1 1 1 a 1 1 0 1 1 0 1 1 1 1 1 1 1 1 1 0 1 0 1 1 1 1 1 0 1 a 1 1 1 1 1 1 1 1 1 1 1 1 1 0 1 1 1 1 0 0 1 1 1 0 1 0 0 1 1 1 0 1 0 1 1 0 0 1 1 1 1 1 1 a 1 1 1 1 0 1 1 1 1 1 1 1 1 1 1 1 0 0 0 a a 0 1 1 1 1 1 0 1 0 1 1 1 1 2 1 1 2 2 1 1 0 2 2 0 1 2 2 1 2 2 0 2 2 0 2 2 1 2 0 1
1 0 1 1 1 1 1 1 1 1 1 1 0 0 1 1 1 1 0 0 0 0 1 1 1 1 1 0 a 1 1 1 1 1 1 1 1 1 1 0 1 0 1 1 1 1 1 1 1 0 1 1 1 0 a 1 1 1 1 1 1 1 1 1 1 1 1 0 0 1 0 1 1 1 0 1 1 1 1 1 1 0 1 0 1 1 1 1 1 1 1 1 0 1 1 0 1 0 a 0 0 1 1 1 1 1 0 1 1 1 1 1 1 1 1 1 1 1 a a 1 1 1 1 1 1 0 1 1 1 0 1 2 1 2 1 0 2 1 2 1 0 0 1 2 1 2 1 1 2 0 1 2 0 2 0 1 2 1 2
1 1 1 1 1 1 1 1 1 1 1 1 1 0 0 1 0 1 0 1 1 1 1 1 1 1 1 1 a 1 1 1 1 0 0 1 1 0 1 1 1 1 1 1 1 1 0 0 1 1 1 0 0 1 a 1 1 0 0 1 1 1 0 0 0 1 1 1 0 1 0 1 0 1 1 1 0 1 0 1 0 1 1 1 1 1 1 1 1 1 1 1 1 1 1 1 1 1 a 0 1 1 0 1 1 1 1 0 1 0 0 1 1 0 1 1 1 0 a a 1 1 1 1 0 0 0 1 1 1 0 1 1 0 2 1 2 2 1 2 2 1 2 0 2 2 1 0 1 2 2 2 1 1 1 2 1 0 0 1
1 1 1 1 0 1 1 1 1 1 1 1 1 1 1 1 1 1 1 1 1 1 1 1 1 1 1 0 a 1 1 1 1 1 0 0 1 1 1 0 0 0 1 1 1 1 1 1 1 0 1 1 1 1 a 1 0 0 1 0 0 1 1 0 1 0 1 1 1 1 1 1 1 1 1 1 1 1 1 1 1 1 1 1 1 1 1 0 1 1 1 1 0 1 0 1 1 0 a 1 1 1 1 1 1 1 1 1 1 1 1 1 1 1 1 1 1 1 a a 0 1 1 1 1 1 1 1 0 1 1 1 1 1 1 2 2 0 2 1 1 1 2 2 2 2 2 0 2 0 0 2 2 1 1 0 1 2 2 1
1 1 1 1 1 1 1 1 1 1 1 1 0 1 1 1 1 1 0 0 1 0 1 1 1 0 1 1 a 1 0 1 1 1 0 1 1 1 1 0 1 1 0 0 1 1 1 0 1 1 1 1 0 1 a 1 0 1 1 0 1 0 1 0 1 1 1 1 0 1 1 1 1 0 1 1 1 0 1 1 1 0 1 1 1 1 1 1 1 1 1 1 1 1 0 1 1 1 a 1 1 1 1 0 1 1 1 1 1 1 1 1 1 0 0 1 1 1 a a 1 1 1 1 1 1 1 1 1 1 0 1 1 1 1 0 2 2 0 2 1 0 0 1 2 1 2 2 0 0 2 2 0 2 1 0 2 0 2 1
1 1 1 1 1 1 1 0 1 0 0 1 1 1 1 1 1 1 0 1 1 0 0 1 1 1 1 1 a 1 1 0 1 1 0 1 1 1 1 1 1 1 0 1 1 1 0 1 0 1 1 1 1 1 a 1 0 1 1 1 0 0 1 1 0 1 1 0 1 0 0 1 0 1 1 0 1 1 1 1 0 1 1 0 0 1 1 0 1 1 1 0 0 1 0 0 1 1 a 1 1 0 1 1 0 1 1 0 1 1 1 1 1 1 1 1 0 1 a a 1 0 1 1 1 1 1 1 1 1 1 1 1 2 2 0 1 1 1 2 1 0 2 1 1 0 1 0 1 2 2 1 1 0 1 1 2 0 2 2
1 1 0 1 0 0 0 1 1 0 1 1 1 0 1 1 1 0 1 1 0 1 1 1 0 1 1 1 a 1 1 1 1 0 1 1 0 1 1 1 1 1 1 0 1 1 0 0 1 1 1 1 1 0 a 1 1 1 0 1 1 0 1 1 1 1 1 1 1 1 1 1 1 1 1 1 1 1 1 0 0 1 1 1 1 1 1 1 1 1 1 1 1 1 1 1 1 1 a 1 1 1 1 1 1 1 1 1 1 1 0 1 1 1 0 1 1 1 a a 1 1 1 0 0 1 0 1 0 1 0 1 2 1 2 0 1 0 2 0 2 1 1 1 2 0 2 2 2 0 2 2 1 1 1 0 0 0 0 1
1 1 1 1 1 1 1 0 1 0 1 1 0 1 1 1 1 1 1 1 1 1 1 1 1 0 1 1 a 1 0 0 0 1 1 1 1 1 1 1 1 1 1 1 1 1 1 1 1 1 1 1 1 1 a 1 1 1 0 1 0 1 1 1 1 1 1 1 1 1 1 1 1 1 1 1 1 1 0 1 1 1 1 1 0 0 0 1 1 1 1 1 1 0 1 0 1 0 a 1 1 0 1 1 1 0 1 1 1 1 1 0 1 1 1 1 1 1 a a 1 1 1 1 1 1 1 0 0 1 1 0 2 1 1 0 2 2 1 0 2 2 1 0 1 1 2 1 0 0 1 2 1 0 1 0 2 1 1 1
1 1 1 1 1 1 1 1 0 0 0 1 1 1 1 1 1 1 0 1 1 1 1 0 1 0 1 1 a 1 1 1 1 1 1 0 0 1 0 1 1 1 1 1 1 1 1 1 1 0 1 0 1 1 a 1 0 1 1 1 1 1 1 1 1 1 1 1 0 1 1 1 2 1 0 0 0 2 2 1 1 0 2 2 2 0 2 0 0 1 0 1 2 2 1 0 2 1 b 2 1 0 1 1 1 1 1 1 1 1 1 0 1 1 1 1 1 1 a a 0 1 0 1 0 1 1 0 0 1 1 0 1 2 1 0 1 2 2 2 2 1 2 1 1 1 1 2 2 2 0 1 0 0 1 2 1 0 2 0
0 0 0 1 1 1 1 1 1 1 1 1 1 1 1 1 1 1 0 1 1 1 1 1 1 1 0 1 a 1 1 1 1 1 1 0 1 1 1 1 1 1 1 0 1 0 1 1 0 1 1 1 1 1 a 1 1 0 1 1 1 0 0 1 0 0 1 1 1 1 1 0 1 0 1 0 0 2 1 1 2 2 2 2 2 0 1 2 2 1 0 0 0 2 2 2 0 2 b 2 2 1 1 1 1 1 0 1 1 1 1 1 1 1 1 1 1 1 a a 1 0 0 1 1 1 0 1 1 1 0 1 2 0 2 0 0 2 1 2 2 1 2 0 1 2 1 1 2 2 2 2 2 2 2 1 1 2 0 2
1 1 1 1 1 1 1 1 1 1 1 1 1 1 0 1 1 1 0 0 1 1 1 0 0 0 1 1 a 1 0 1 1 1 1 1 1 1 0 1 1 1 1 1 1 1 1 0 1 1 1 1 0 0 a 0 0 1 1 1 0 1 1 1 1 1 1 1 1 0 1 0 1 2 1 2 2 1 2 1 0 1 1 1 0 2 2 2 0 2 2 1 1 0 2 2 2 2 b 0 0 0 1 1 0 1 1 1 1 1 1 0 1 1 1 1 1 1 a a 1 0 1 1 0 0 1 1 1 0 1 1 1 2 0 1 0 2 1 0 0 2 2 0 2 1 2 2 1 2 0 1 0 2 2 0 2 1 1 1
1 1 1 1 1 1 0 0 1 1 1 1 0 1 1 1 1 0 1 1 1 1 1 0 1 1 1 0 a 1 1 1 1 1 1 1 1 1 1 1 1 1 1 1 1 1 1 1 1 0 0 0 1 0 a 0 1 1 0 0 1 0 1 1 1 0 1 1 1 1 1 0 1 1 1 1 2 2 0 2 1 2 2 1 1 1 2 2 1 2 0 2 2 0 1 2 2 0 a 0 0 2 1 1 1 1 0 1 1 1 1 1 1 1 1 1 1 1 a a 1 1 1 1 1 1 1 0 2 0 2 0 0 1 1 1 2 0 2 1 1 1 1 2 1 1 0 0 2 0 1 1 2 1 0 1 0 2 1 1
1 1 1 0 1 1 1 1 1 1 1 1 1 0 1 1 0 1 1 1 1 0 0 1 1 1 1 0 a 1 1 0 1 1 1 1 1 1 0 0 1 1 1 1 1 1 1 0 1 1 1 1 1 1 a 1 1 0 1 0 1 1 1 1 1 1 1 1 1 0 1 2 1 1 1 2 0 2 1 1 0 2 2 2 1 2 1 2 1 2 1 2 1 1 1 1 2 2 a 2 0 0 1 1 1 1 1 1 1 1 1 1 0 0 1 1 1 1 a a 0 1 1 1 1 1 1 1 2 2 2 2 2 2 2 2 2 0 1 2 1 2 1 2 1 1 0 1 1 1 1 0 2 2 2 1 2 2 1 0
1 1 1 1 1 1 1 0 1 1 1 1 1 1 1 0 1 1 1 1 1 1 1 1 1 1 1 0 a 1 1 1 1 0 1 1 1 1 1 1 0 1 1 1 1 1 0 1 1 1 1 1 0 1 a 1 1 1 0 1 1 1 1 1 1 1 0 1 0 0 1 2 0 2 0 1 1 1 1 2 2 1 0 1 2 0 2 1 0 0 2 0 2 2 2 1 0 2 a 0 2 0 0 1 1 1 1 0 1 0 1 1 1 1 1 1 1 1 a a 1 1 1 1 0 1 1 1 1 1 0 1 1 1 2 2 0 2 0 0 1 1 1 2 0 0 1 1 1 1 1 2 2 2 2 2 1 1 1 0
1 1 1 1 1 1 1 1 1 1 1 1 1 1 1 1 1 1 1 1 1 1 1 0 1 1 1 1 a 1 0 1 1 1 1 1 1 1 1 1 1 1 1 0 1 1 1 1 1 0 1 0 1 0 a 1 1 1 1 1 1 1 0 1 1 1 1 1 1 0 1 1 1 1 0 1 2 2 2 1 0 2 2 2 0 1 2 2 1 1 2 2 2 0 2 1 1 2 a 2 1 2 2 2 1 2 1 1 1 2 0 1 1 1 2 0 2 1 a b 1 2 1 2 0 1 0 0 2 2 0 1 2 0 1 1 1 2 1 2 0 2 1 1 0 0 2 2 1 2 1 1 1 1 1 1 2 2 1 1
0 1 1 1 1 1 1 1 1 1 1 1 1 1 1 1 1 1 0 0 0 1 1 1 1 1 1 0 a 1 1 1 1 1 0 1 1 0 0 1 1 0 1 1 1 1 0 1 1 1 1 0 0 1 a 0 1 1 1 1 0 1 0 1 1 1 1 1 1 1 0 2 1 1 2 1 1 1 1 1 2 1 2 2 2 2 1 2 2 2 0 1 1 2 1 0 0 1 a 2 2 2 2 0 1 1 1 2 2 1 1 1 1 2 2 0 1 1 b a 2 2 2 1 2 2 2 2 2 0 1 1 2 1 1 0 1 2 0 0 2 2 2 0 1 2 2 2 2 0 1 1 2 0 2 0 2 1 1 0
1 1 1 1 1 1 1 1 1 1 1 1 1 1 1 1 1 1 0 1 1 0 1 1 1 1 1 0 a 1 0 1 1 1 1 0 1 1 0 1 1 1 1 1 1 1 1 1 0 1 0 1 1 1 a 1 0 0 1 1 1 1 0 1 1 1 1 1 1 1 0 1 1 1 0 1 0 1 1 1 0 1 2 2 2 0 2 1 2 1 2 1 2 2 0 1 1 2 b 2 0 2 2 2 0 0 0 2 2 0 1 0 1 1 0 1 0 1 a a 2 1 0 0 0 1 1 0 1 2 2 0 1 2 2 0 1 0 1 1 1 0 0 1 1 1 0 0 0 1 1 2 2 0 2 2 2 2 1 1
1 1 1 1 1 1 1 1 1 0 1 0 1 1 1 1 0 1 1 1 1 1 1 1 1 0 1 0 a 1 1 0 1 1 1 0 1 1 1 1 1 1 1 1 1 1 1 1 1 1 0 1 1 1 a 1 1 0 0 1 1 1 1 1 1 1 0 1 1 1 1 2 2 1 1 2 2 2 1 1 1 2 1 1 2 0 1 0 2 2 0 2 2 1 2 2 0 1 a 2 2 1 1 2 2 2 1 1 0 0 1 0 1 2 2 0 1 0 a a 2 2 0 1 1 2 2 2 0 0 1 1 2 0 1 1 2 1 2 1 2 1 0 1 1 1 2 2 2 0 1 1 2 0 2 1 0 0 0 0
1 1 1 1 1 1 1 1 1 1 1 1 1 1 1 1 0 1 1 1 1 1 1 1 1 1 1 1 a 1 1 1 1 1 0 1 1 0 0 0 1 0 0 0 1 1 1 1 1 1 1 1 1 1 a 0 1 1 1 1 1 1 1 0 1 1 1 1 1 1 1 0 1 0 1 2 2 0 1 0 2 2 0 0 0 1 1 2 2 0 1 1 1 0 2 1 0 0 b 0 0 2 1 0 2 2 2 2 2 2 1 2 0 0 1 0 0 2 b a 0 0 1 2 0 0 0 1 1 2 2 2 0 2 1 1 1 1 2 2 0 2 1 2 1 1 2 2 0 1 0 1 2 0 0 0 1 1 1 1
1 1 1 1 1 1 1 1 0 1 1 1 1 1 1 0 1 1 0 1 1 1 1 1 0 1 1 1 a 1 1 1 1 0 1 1 0 1 1 1 1 1 0 1 1 1 1 1 1 1 1 1 1 1 a 0 1 1 1 1 1 1 0 1 1 1 1 1 1 1 1 1 2 2 2 0 0 2 1 0 0 0 2 1 1 2 1 1 1 1 1 2 2 1 2 1 0 0 b 2 0 2 1 2 1 1 1 1 1 2 2 2 0 2 2 1 2 0 b a 0 0 2 0 0 0 1 2 2 0 1 0 1 1 2 2 2 0 1 0 1 1 0 1 1 0 1 2 0 0 1 1 1 2 2 1 0 2 1 1
1 1 0 1 1 1 1 0 1 1 1 1 1 0 1 1 1 1 1 1 1 1 1 0 1 1 1 1 a 0 1 1 1 0 1 1 1 1 0 0 1 1 0 1 1 1 1 1 0 0 1 1 1 1 a 1 1 1 1 1 0 1 1 0 1 0 1 1 1 0 1 0 0 0 0 2 2 2 0 2 2 2 1 1 1 1 2 0 2 0 1 1 0 0 1 1 2 0 b b a b b a a b b b b a a b a a a b a b a a 2 1 0 1 1 1 0 1 2 2 1 2 2 0 2 0 2 1 1 2 1 2 1 2 2 2 2 2 1 1 2 1 2 2 1 2 2 2 1 1
1 0 0 0 1 0 1 1 1 0 1 1 0 1 0 1 0 1 1 0 1 1 1 0 1 1 1 0 a 0 1 1 1 1 1 0 1 1 1 1 1 1 1 1 0 1 1 1 0 1 0 1 1 1 a 1 1 0 0 0 1 1 1 1 1 1 0 0 1 1 1 1 2 0 2 1 2 2 1 1 1 1 2 1 2 1 0 2 2 2 1 2 2 0 2 2 0 2 2 0 1 0 1 2 1 1 2 1 1 2 0 0 1 0 1 2 0 0 2 a 1 0 1 2 2 0 2 0 2 2 0 2 1 1 1 2 1 1 0 1 2 1 1 1 1 2 1 1 1 0 0 2 1 2 2 2 1 1 1 1
1 1 1 1 1 1 0 1 1 1 1 1 0 0 1 1 1 0 1 0 1 1 1 1 1 0 1 1 a 1 1 0 0 1 1 1 0 1 1 1 1 0 1 0 1 0 1 1 1 1 1 0 1 1 a 1 1 1 0 1 1 1 1 1 0 0 1 1 1 0 0 0 1 0 2 1 1 1 0 0 1 2 2 2 2 2 1 1 1 1 1 0 2 2 2 1 1 1 0 2 2 2 2 0 1 1 1 0 1 1 2 1 1 1 2 1 0 2 1 b 2 2 2 1 1 1 1 2 0 1 2 1 1 2 2 2 2 2 2 0 1 1 2 1 1 2 1 1 2 0 2 0 2 2 1 1 0 2 1 0
1 1 1 1 1 1 1 1 1 1 0 1 0 0 1 1 1 1 0 1 1 1 1 1 1 1 1 1 a 1 1 1 1 0 1 1 1 0 1 1 1 0 1 1 1 1 1 1 0 1 1 1 1 1 a 1 1 1 1 0 0 1 0 1 1 1 1 1 1 1 1 2 2 1 2 0 2 2 2 2 2 1 0 1 2 2 1 0 1 1 0 1 2 2 0 1 1 1 1 1 2 2 1 1 0 1 0 0 0 1 2 2 0 2 1 2 1 0 1 b 1 2 2 1 0 1 1 1 2 0 1 1 2 1 0 1 0 1 0 2 1 1 1 1 0 1 1 1 2 2 2 2 2 0 0 2 0 0 1 0
1 1 0 1 0 1 1 1 1 0 1 1 1 1 0 1 1 1 1 0 1 1 1 1 1 1 1 1 a 1 1 1 0 1 1 1 1 1 1 0 1 1 1 1 1 1 1 1 0 1 0 1 1 1 a 1 1 0 1 1 1 1 1 1 0 0 0 1 1 1 1 2 2 1 2 1 1 1 2 2 2 1 2 0 0 0 1 2 1 2 1 2 1 1 2 0 2 1 2 2 1 2 2 0 0 2 1 1 2 2 0 2 2 2 2 0 2 0 1 a 2 0 1 2 0 2 2 0 2 2 0 1 1 2 2 2 2 2 2 2 1 0 1 1 2 2 1 2 2 2 0 2 2 2 1 0 0 1 1 1
1 0 1 1 1 1 1 1 1 1 1 1 0 0 0 1 1 1 1 1 1 1 1 1 1 1 0 1 a 0 0 0 1 1 1 1 0 1 0 0 1 1 1 1 1 0 1 1 0 1 1 1 0 0 a 1 1 0 1 1 1 1 1 1 1 1 0 0 1 1 0 0 2 2 2 2 1 0 1 2 2 2 1 2 1 1 0 2 2 2 2 2 2 2 2 1 1 0 0 2 0 2 1 1 0 1 2 2 2 1 0 1 1 2 1 1 2 2 0 a 1 1 1 1 0 1 2 0 2 2 0 1 1 0 0 0 0 1 2 1 1 2 0 1 2 1 2 2 1 2 1 2 0 1 2 1 1 2 1 1
1 1 0 1 1 1 1 1 1 1 1 0 1 1 1 1 1 0 1 0 0 1 1 1 1 1 1 1 a 1 1 1 0 1 1 1 1 1 1 1 1 1 1 1 1 1 1 1 0 1 1 1 1 1 a 1 1 1 1 1 1 1 1 1 0 1 1 1 0 1 1 2 2 2 1 2 2 0 1 2 2 1 0 2 2 2 2 2 2 1 2 0 2 1 2 2 0 1 0 1 2 2 2 0 0 2 1 2 1 2 1 1 1 0 2 1 1 2 1 b 2 1 2 1 1 1 0 1 0 1 2 2 1 1 1 2 0 2 0 0 2 2 2 1 0 1 1 1 1 1 1 1 2 1 2 0 2 1 1 1
1 1 1 1 0 1 0 1 1 1 1 1 0 0 0 1 1 1 1 1 1 1 1 0 1 1 1 1 a 1 1 1 1 1 1 1 1 0 0 1 1 1 1 1 1 0 1 1 1 0 1 1 1 1 a 1 2 2 0 2 0 0 2 2 0 0 0 1 0 2 2 1 2 2 0 0 2 1 2 0 2 2 2 2 2 2 2 1 1 2 2 1 2 2 1 0 1 2 2 0 2 2 1 2 2 0 1 2 0 2 1 1 0 1 0 0 2 1 2 a 1 1 1 1 2 1 0 0 0 0 2 1 2 1 0 1 0 0 0 0 2 2 0 0 2 2 1 1 0 0 2 0 2 1 1 1 2 1 1 0
1 1 1 1 1 1 1 1 1 1 1 1 1 0 1 0 1 0 1 1 1 1 1 1 1 1 1 1 a 1 1 0 0 1 1 1 1 1 1 1 1 1 1 1 0 0 0 1 1 1 1 1 1 1 a 1 2 0 0 0 1 2 1 1 1 0 0 2 2 1 2 2 2 2 2 2 2 2 2 2 2 2 2 0 2 1 2 2 0 1 2 0 2 1 1 2 1 2 2 2 2 2 2 1 2 1 1 1 2 2 1 2 2 1 1 0 2 2 0 b 2 0 1 1 1 2 1 2 1 2 2 2 2 0 1 2 1 1 1 0 1 0 2 1 1 2 2 0 2 1 2 1 0 0 1 2 1 2 1 1
1 0 1 1 1 1 1 1 0 1 0 1 1 1 1 1 1 0 1 1 0 0 1 0 1 1 1 1 a 1 1 1 0 1 1 1 1 1 0 0 1 1 1 1 0 1 1 0 0 1 1 1 1 0 a 1 2 1 1 2 1 2 1 2 0 2 2 0 2 2 1 2 2 2 2 2 1 2 2 2 0 0 2 2 2 2 0 1 0 1 1 0 2 2 0 1 0 2 1 2 0 2 2 2 1 1 0 2 0 1 2 0 1 2 2 2 2 2 2 a 1 1 2 2 1 1 2 1 0 0 2 0 1 0 2 1 2 1 1 1 2 1 0 2 2 2 2 2 2 2 0 1 0 2 0 2 2 1 0 0
1 1 1 1 1 1 1 1 1 1 1 1 0 1 0 1 1 1 1 1 1 1 1 1 1 1 1 1 a 0 1 1 0 1 1 1 0 0 1 1 1 1 1 1 0 1 0 1 1 1 0 1 1 1 a 1 2 2 2 2 1 0 0 1 0 2 2 0 0 0 1 1 1 0 2 0 0 2 0 0 2 2 2 0 2 2 2 2 2 1 0 1 1 1 1 1 1 1 2 2 2 1 2 1 2 2 2 2 1 1 2 1 2 0 1 2 2 1 1 a 0 2 0 1 1 2 0 2 2 2 1 2 1 0 1 2 2 2 2 1 1 1 2 1 2 1 1 2 1 1 2 1 2 0 2 1 2 1 1 0
1 1 1 1 1 0 1 1 1 1 1 1 1 0 1 1 1 1 1 1 1 1 1 0 0 0 1 1 a 1 0 0 0 1 0 1 1 1 1 1 0 1 0 1 1 0 1 0 1 1 1 1 1 1 a 1 1 1 1 0 1 2 1 2 2 1 1 2 0 2 0 2 2 2 2 2 1 2 2 1 0 2 1 2 2 0 0 2 1 1 2 0 1 1 0 0 1 2 2 0 0 2 2 2 2 0 1 0 1 1 1 2 0 2 0 1 2 0 2 a 1 2 1 1 2 2 0 0 0 2 2 1 1 2 2 0 2 1 1 1 0 1 2 1 1 2 1 1 2 1 2 0 0 1 0 1 1 0 1 1
1 0 1 0 1 0 0 1 1 0 1 1 0 1 1 1 1 1 1 0 0 0 1 1 1 1 1 1 a 1 1 1 1 1 1 1 0 1 1 1 1 0 0 1 1 1 1 1 1 1 1 1 1 1 a 2 1 2 2 1 1 2 2 1 1 0 1 1 1 1 2 2 0 0 2 0 2 1 2 0 2 2 2 2 2 2 1 1 2 2 1 1 1 1 0 0 0 0 2 0 0 2 2 1 1 0 1 2 1 0 1 1 1 1 0 2 2 2 2 a 2 2 0 2 2 2 2 1 2 2 1 0 1 2 1 0 1 1 2 1 2 0 1 1 0 1 2 0 0 1 2 0 0 2 1 1 2 1 1 1
1 1 1 1 1 1 1 0 1 0 1 0 1 0 1 1 1 1 0 0 1 0 1 0 1 1 1 1 a 1 1 1 1 1 0 1 1 1 1 0 1 1 0 1 1 1 1 1 1 0 0 1 0 1 a 2 1 2 1 1 0 1 1 1 0 1 1 2 2 1 0 2 2 0 2 2 2 1 2 2 1 1 0 2 2 2 2 2 2 1 2 2 0 2 2 2 1 2 2 2 1 2 2 2 1 2 1 0 1 1 0 0 2 2 1 2 2 1 2 a 1 1 0 1 0 1 1 0 2 1 2 1 0 2 1 1 1 2 0 1 0 2 2 0 0 0 1 2 2 0 1 1 2 0 0 2 0 1 1 1
1 0 1 1 1 1 0 1 0 1 1 1 1 1 1 1 1 1 1 1 1 1 1 1 0 1 1 1 a 1 1 1 1 0 1 1 1 1 1 1 1 0 0 0 1 0 0 1 0 1 1 1 1 0 a 2 2 2 2 1 1 2 2 2 2 2 1 2 2 0 1 2 2 2 1 2 0 0 1 2 0 0 1 2 2 0 0 1 0 2 1 2 2 2 1 0 1 1 2 1 1 2 1 1 1 2 1 1 1 2 1 1 1 2 1 1 2 1 2 b 2 2 2 1 2 1 2 2 2 0 1 0 0 0 1 2 1 1 1 2 1 1 1 2 2 2 2 2 0 2 2 2 1 0 2 1 1 1 1 1
1 0 1 1 1 0 0 1 0 0 1 1 1 1 1 1 1 1 1 1 1 1 1 1 0 1 0 1 a 1 1 0 1 1 0 1 1 1 1 1 1 0 1 1 1 1 1 0 0 1 1 1 0 1 a 1 2 1 0 1 0 1 1 1 1 2 2 0 2 1 0 2 1 2 1 2 2 2 0 1 0 2 1 0 1 1 2 2 2 2 1 1 1 0 2 2 1 1 1 1 1 2 1 1 2 2 1 1 2 1 1 1 0 1 1 2 2 2 1 b 2 0 0 2 0 2 1 2 2 2 2 2 2 0 1 1 1 1 1 2 0 0 2 1 2 1 2 2 1 0 2 1 1 2 1 2 2 2 1 1
1 1 1 1 1 1 1 1 1 1 1 1 1 1 1 1 1 0 1 1 0 1 0 1 1 1 1 0 a 1 1 1 1 1 0 0 1 1 1 1 1 1 0 1 1 1 1 1 1 0 0 1 1 0 a 2 1 1 1 2 2 2 0 2 2 1 0 1 1 0 2 0 2 0 2 0 2 2 0 2 2 0 1 0 2 2 2 2 1 0 1 0 0 1 2 1 1 1 2 2 2 2 2 0 2 1 2 0 2 1 1 0 1 1 2 0 2 2 1 a 1 1 1 0 1 1 1 0 2 0 2 1 1 1 2 1 1 1 1 0 2 0 1 0 2 0 0 0 1 2 1 0 2 2 1 2 1 2 0 0
1 1 0 1 1 1 1 1 1 1 0 1 1 0 0 1 1 1 1 1 1 1 1 1 1 1 0 1 a 1 1 1 1 1 1 1 1 1 1 1 0 1 1 1 1 1 1 1 1 1 1 0 1 1 a 1 1 0 0 1 2 0 1 2 2 2 2 1 1 1 2 2 1 2 0 2 2 2 2 2 2 1 0 2 2 1 0 2 1 0 2 2 2 1 2 1 2 0 0 2 0 2 1 2 1 2 2 2 0 1 1 1 2 0 0 0 2 0 2 b 2 2 1 2 2 2 1 2 2 2 2 1 0 0 2 2 1 0 2 2 1 2 1 2 2 1 1 1 2 2 1 2 2 0 1 2 2 2 1 1
1 1 1 1 1 1 1 0 1 1 1 1 0 1 1 1 1 1 1 0 1 1 1 0 1 0 1 1 a 0 1 0 1 1 1 1 1 1 1 1 1 1 1 1 1 1 1 1 1 0 1 1 1 1 a 2 0 2 0 2 0 1 1 1 1 2 1 1 0 2 1 1 0 0 1 0 0 0 2 0 2 2 2 1 2 1 2 2 1 1 0 0 1 1 1 0 2 1 0 0 2 1 0 2 1 1 2 1 0 1 0 1 0 1 1 2 2 2 0 a 2 2 1 2 1 0 1 0 0 0 1 1 2 0 2 2 1 1 1 1 0 2 0 1 2 1 1 2 2 0 0 1 0 2 1 0 2 1 1 1
0 1 1 1 0 1 1 0 1 1 1 1 0 1 0 1 1 1 0 1 1 0 1 0 1 1 1 1 a 1 1 1 1 1 1 1 1 1 1 0 1 1 1 1 1 1 0 1 1 1 1 1 1 1 a 2 1 0 0 2 1 0 1 1 0 1 2 2 2 1 1 1 0 1 2 1 0 0 1 1 1 0 2 1 1 1 1 0 1 1 1 1 1 1 0 1 1 1 1 1 0 2 2 0 1 1 1 1 2 1 1 2 1 2 0 0 2 2 1 b 1 1 2 0 0 0 2 2 2 0 1 2 2 2 1 1 1 2 1 2 2 0 2 0 0 0 2 1 0 1 1 1 1 2 0 0 0 1 0 1
1 1 0 1 1 0 1 1 1 1 1 0 0 0 1 1 1 0 1 1 1 1 0 1 0 1 0 1 a 0 1 1 0 1 1 1 1 1 1 1 1 1 1 1 1 0 1 1 1 0 1 1 1 1 a 2 0 2 1 1 2 1 0 2 1 0 2 1 0 2 1 0 0 0 1 2 2 2 2 1 2 1 2 2 2 1 1 1 1 0 1 0 1 1 0 0 1 0 1 2 1 2 1 2 2 1 0 0 1 1 1 1 1 2 2 0 1 1 1 a 2 2 2 0 2 2 2 0 0 2 2 2 1 1 1 1 2 2 2 1 2 1 2 0 2 0 0 1 1 0 0 0 0 1 2 1 2 1 1 1
1 1 1 1 1 1 1 0 1 1 0 0 0 1 1 1 0 1 1 1 0 0 1 1 1 1 0 0 a 1 1 1 1 1 0 1 1 1 1 1 0 1 0 1 1 1 1 1 1 1 1 1 1 1 a 0 2 2 2 2 0 2 0 1 1 1 1 1 1 1 2 1 1 2 2 2 1 0 0 2 2 2 2 1 1 1 0 1 1 1 1 1 0 0 1 1 1 1 1 2 2 1 2 2 2 2 2 2 0 1 1 1 1 0 1 2 2 2 2 a 2 2 2 2 0 2 0 2 2 2 0 1 2 2 2 2 2 0 2 2 1 1 1 1 0 1 0 2 0 2 2 0 0 2 2 0 2 0 1 1
1 0 1 0 1 1 1 1 0 1 1 1 1 1 1 1 1 1 1 1 1 1 0 1 0 1 0 1 a 1 1 0 1 1 1 1 1 1 1 0 1 0 0 1 0 1 1 1 0 1 1 1 1 1 a 1 2 2 1 0 1 2 2 0 1 0 1 1 0 2 1 1 2 2 2 2 2 2 2 0 2 2 1 1 1 2 0 1 1 1 1 1 1 1 1 0 1 1 1 2 1 0 2 1 0 0 2 1 1 1 0 0 2 2 2 2 0 2 1 b 2 1 2 2 2 2 2 1 2 1 1 1 1 1 0 1 1 1 1 1 1 1 1 0 0 1 1 1 1 1 1 1 1 1 1 1 0 0 1 1
1 0 1 1 1 0 1 1 1 1 1 1 1 0 1 1 1 1 1 0 1 0 0 0 1 1 1 1 a 1 1 1 1 0 1 1 1 1 0 0 1 1 1 1 1 1 1 1 0 1 1 1 0 1 a 1 2 1 0 1 2 0 2 0 1 0 2 0 2 0 2 0 1 2 1 1 1 1 1 0 0 0 2 2 1 2 1 1 1 1 1 0 1 1 1 1 1 1 0 2 0 1 0 0 2 1 2 2 0 2 1 0 1 1 2 2 2 2 2 a 2 0 1 0 0 2 1 1 2 2 1 1 1 1 1 1 1 1 1 1 1 1 1 1 1 1 0 1 1 1 0 1 0 1 1 1 0 1 1 0
0 0 1 1 0 1 0 1 1 0 0 0 1 1 1 0 1 1 1 1 1 1 1 1 1 1 1 1 a 1 1 0 0 1 1 1 1 1 1 1 1 1 1 1 1 1 1 1 0 1 1 1 1 1 a 2 1 0 2 0 1 1 1 2 2 1 2 0 2 0 1 2 1 2 0 2 1 1 2 2 2 1 0 2 1 0 1 1 0 1 1 1 1 1 0 1 1 1 1 2 2 1 1 1 1 2 2 2 1 1 1 2 2 1 1 2 0 2 1 a 2 1 0 0 2 1 2 1 0 1 1 1 0 1 1 1 1 1 1 1 1 1 1 1 1 0 1 0 1 1 1 1 0 1 1 0 1 1 1 1
1 1 1 0 0 1 1 0 1 1 0 1 0 0 0 1 1 1 1 1 0 0 1 1 0 1 1 1 a 0 1 1 1 1 0 1 1 0 1 1 1 1 1 1 1 1 1 1 1 1 1 1 0 0 a 2 1 1 2 0 2 2 1 1 0 1 2 1 1 0 1 2 2 1 1 1 2 2 1 2 0 0 2 2 2 1 2 1 2 2 2 1 1 2 1 2 2 1 1 1 1 1 2 2 1 1 0 1 1 1 1 1 1 1 1 1 0 0 1 a 1 1 1 0 1 1 1 1 1 1 1 1 1 1 1 0 0 1 1 1 1 0 1 1 1 1 1 1 1 1 1 1 1 1 0 1 1 1 1 0
1 0 1 1 1 1 1 0 1 1 1 0 1 1 1 1 0 1 1 0 0 0 1 1 1 1 0 1 a 1 1 1 1 0 1 0 1 1 1 0 1 1 1 1 0 0 1 1 0 1 0 1 1 1 a 1 2 1 0 1 1 1 2 1 1 1 2 2 1 1 2 2 2 0 2 2 0 2 1 2 2 2 1 0 2 1 1 1 2 1 1 1 2 2 2 2 2 2 2 2 2 1 2 1 1 2 1 1 1 1 1 1 1 0 1 0 1 1 0 a 1 1 1 1 1 1 1 1 1 1 1 1 0 1 1 1 1 1 1 1 1 1 1 1 1 1 1 1 0 1 1 0 1 1 1 1 1 1 1 1
1 1 1 1 1 1 1 1 1 1 1 1 0 1 1 1 1 1 1 1 1 0 1 1 1 0 1 0 a 1 1 0 0 1 1 1 1 1 1 1 1 1 1 1 0 1 1 1 0 0 1 1 1 1 a 1 1 2 1 1 1 1 2 1 1 0 1 1 2 1 1 2 2 1 1 2 0 1 2 2 0 2 2 0 2 2 0 2 1 0 1 1 2 0 2 0 2 2 1 2 2 1 0 0 0 1 0 1 1 1 1 1 1 1 1 0 1 1 0 a 1 1 0 0 1 0 1 0 1 1 1 1 0 1 1 1 1 1 1 1 1 1 1 1 1 0 1 1 1 1 1 1 1 1 1 1 1 1 1 0
1 1 1 1 1 1 1 1 1 1 1 1 1 1 1 1 0 1 1 1 0 1 1 0 1 1 1 1 a 1 1 1 0 0 1 0 0 1 1 1 1 1 1 0 1 1 1 1 1 1 1 1 1 0 a 2 2 0 1 1 1 2 0 0 0 1 2 2 2 0 1 1 1 1 2 0 2 1 0 2 0 1 1 2 2 2 2 2 1 0 1 2 2 2 1 2 1 2 1 1 2 0 2 2 2 0 1 1 1 1 1 1 0 1 1 1 1 1 1 a 1 1 0 0 1 1 1 1 1 1 0 1 1 0 1 1 1 1 1 1 1 1 0 1 1 1 1 1 1 1 1 1 1 1 1 1 1 1 1 1
1 1 1 1 0 1 1 1 1 1 1 1 0 0 1 0 1 1 1 1 1 0 1 1 1 1 1 1 a 1 0 1 1 1 1 1 1 1 1 1 1 0 1 1 1 1 1 0 1 1 0 1 1 1 a 0 1 1 1 1 2 1 1 2 1 2 1 1 0 1 2 0 1 2 2 2 2 0 2 2 1 0 0 2 0 2 1 2 1 1 1 1 1 1 0 1 2 1 2 1 1 1 0 2 2 2 1 1 1 1 1 1 1 1 1 1 1 1 1 a 0 1 1 1 1 1 1 1 1 1 1 1 1 1 1 1 1 0 1 1 0 0 1 1 0 1 1 1 1 1 1 1 1 0 1 1 0 1 1 1
0 1 1 1 1 1 1 1 1 0 0 0 1 1 1 1 0 1 1 1 1 1 1 0 1 1 1 1 a 0 1 1 1 1 0 1 1 1 1 1 1 1 0 1 1 0 1 1 1 0 1 1 1 1 a 2 1 0 1 1 1 2 2 0 1 2 1 1 1 2 1 1 2 1 1 2 1 2 2 1 2 0 2 2 2 2 2 1 1 1 1 0 0 0 1 1 1 1 1 1 2 2 2 1 2 0 1 0 1 1 1 1 0 1 0 1 0 1 1 a 0 1 1 1 1 1 0 0 1 1 1 1 1 1 1 1 0 1 1 1 1 1 1 0 1 1 1 1 0 1 0 1 1 1 1 1 1 1 1 1
1 0 1 1 1 0 1 1 1 0 1 1 1 1 1 1 1 0 1 1 1 1 1 1 1 0 0 1 a 1 0 1 1 1 1 1 1 1 1 1 1 1 1 0 1 1 1 1 0 0 1 1 1 0 a 1 1 0 2 1 1 1 2 2 2 1 1 1 1 2 0 1 1 1 2 1 1 2 2 1 2 2 1 2 1 2 1 0 0 1 2 1 1 1 1 2 2 2 0 2 0 2 2 2 1 2 1 0 1 0 0 1 1 1 1 1 1 1 0 a 0 1 1 1 1 1 0 1 1 0 1 0 1 1 1 0 1 1 0 1 1 1 1 1 0 1 0 1 1 1 1 1 1 0 1 1 0 0 1 1
1 1 1 0 0 1 1 1 1 1 0 0 1 1 1 0 1 0 1 1 1 1 0 1 0 1 0 1 a 0 1 1 0 1 1 1 0 1 1 1 0 1 1 1 1 1 1 1 1 0 0 1 1 0 a 2 1 1 2 2 1 1 2 2 0 1 2 0 1 1 1 0 1 1 0 0 2 0 2 1 2 2 2 2 2 2 1 1 1 1 1 2 0 2 2 2 0 0 0 0 2 2 2 1 2 1 1 1 1 1 1 1 0 1 1 1 1 1 1 a 1 1 1 1 1 1 1 1 1 0 0 1 0 1 1 1 1 1 1 1 1 1 1 1 1 1 0 1 1 1 1 1 0 1 1 1 1 1 1 1
1 0 1 1 1 1 1 1 0 1 1 1 1 1 1 1 1 1 0 1 1 1 1 0 1 1 1 1 a 1 1 1 1 1 1 1 1 1 1 1 1 1 1 1 0 1 1 1 0 1 1 1 1 1 a 2 1 1 0 0 1 1 1 1 0 1 1 2 0 2 2 2 2 2 1 2 2 2 1 2 0 2 2 2 0 1 2 2 0 0 0 2 0 2 2 1 2 0 2 1 1 2 1 2 1 2 1 1 1 1 1 1 1 1 0 1 0 1 1 a 1 0 1 1 1 1 1 1 1 1 1 1 1 1 1 1 1 1 0 1 1 1 1 1 1 1 1 1 1 1 1 1 1 1 1 1 1 1 1 1
1 1 0 1 0 0 1 1 0 0 1 1 1 1 1 1 1 0 1 0 0 1 1 1 1 1 1 1 a 1 1 1 1 0 1 1 1 0 0 1 1 1 1 1 1 0 1 1 1 1 1 1 0 1 a 0 0 1 1 2 1 2 1 1 2 1 2 2 0 2 2 2 0 0 2 2 0 2 2 2 0 0 2 2 1 2 2 1 0 2 0 2 0 2 1 2 2 0 1 2 2 2 2 1 2 1 1 1 1 0 0 1 1 1 0 1 1 0 1 a 1 1 1 1 1 1 1 1 1 0 0 1 1 1 1 1 1 1 1 1 0 1 1 1 1 1 0 1 1 1 1 1 0 1 0 0 1 1 1 0
0 0 0 1 1 1 0 1 0 1 1 0 1 1 1 0 1 1 1 1 1 1 0 1 1 1 1 1 a 0 1 1 1 0 1 0 1 1 1 0 1 0 1 1 1 1 1 0 1 0 1 1 1 1 a 1 0 0 0 2 1 2 0 1 2 2 2 1 2 0 2 1 2 2 1 2 0 0 2 2 2 2 2 2 0 2 2 1 2 1 2 0 2 2 2 2 2 1 1 1 2 2 1 2 1 1 1 1 1 1 1 1 1 1 1 0 1 1 1 a 0 1 1 1 1 0 0 0 0 1 1 1 1 0 1 1 0 1 1 1 0 1 1 1 1 1 0 0 0 1 1 1 1 1 1 1 1 1 1 1
0 1 0 1 1 1 1 0 0 1 1 1 1 0 1 1 1 0 1 1 1 1 1 0 1 0 1 1 a 1 1 1 1 1 1 1 1 1 0 1 1 1 1 1 1 1 1 0 0 1 1 1 1 1 a 2 1 0 0 1 1 1 2 2 2 0 2 2 1 2 2 1 2 2 2 2 2 2 2 2 1 2 2 2 2 2 2 0 1 0 2 2 1 1 1 0 2 0 2 2 2 1 2 1 2 1 1 1 1 1 0 1 1 0 1 1 1 1 0 a 0 1 1 1 1 1 0 1 1 1 0 1 1 1 1 1 0 1 1 1 1 1 1 1 1 1 0 0 1 1 1 1 0 0 0 0 1 1 1 0
1 1 0 1 1 1 1 0 1 1 1 1 0 1 1 1 1 1 0 1 1 1 1 0 0 0 1 1 a 1 0 1 1 1 1 0 1 1 1 1 1 1 1 1 1 1 0 1 1 1 1 1 0 1 a 1 0 1 0 1 2 2 0 1 1 2 2 2 2 2 2 2 2 1 1 0 2 2 2 2 2 2 1 0 2 2 2 2 0 0 2 1 1 1 0 2 1 1 1 2 2 0 2 2 2 1 1 1 1 1 1 1 1 1 1 1 1 1 1 a 0 1 1 1 1 1 1 1 1 1 1 0 1 0 1 1 1 1 0 1 1 1 1 1 1 1 0 1 1 0 1 1 1 1 1 1 1 1 1 1
1 1 1 1 1 0 1 1 1 1 1 1 0 1 1 1 1 1 1 1 1 1 1 0 1 1 1 0 a 1 1 1 1 1 1 1 1 1 1 0 1 1 1 0 1 1 1 1 1 0 1 1 0 1 a 0 1 1 1 0 1 1 1 1 1 2 2 1 1 2 0 2 1 0 1 2 2 1 0 2 2 0 2 1 2 2 0 0 2 2 2 1 2 2 2 2 1 0 0 1 2 0 1 0 0 2 1 1 1 1 1 1 1 1 0 0 1 1 1 a 1 0 1 1 0 1 1 1 0 1 1 1 1 1 1 1 1 1 1 1 1 1 1 1 1 1 0 0 0 1 1 1 1 1 0 1 1 1 0 1
0 1 0 1 0 1 1 1 1 1 1 1 1 1 1 1 1 1 1 1 1 1 0 1 1 1 0 1 a 1 1 1 1 1 1 1 1 0 1 1 1 1 1 1 1 1 1 1 1 1 1 0 0 0 a 0 0 1 1 0 1 1 1 0 0 1 0 1 0 1 1 0 1 1 1 2 0 2 2 0 2 2 0 0 0 2 0 0 2 0 1 2 1 2 0 1 2 2 0 2 2 1 2 1 1 1 1 0 1 1 0 1 1 0 0 1 1 1 1 a 1 0 1 1 1 1 1 1 0 0 1 1 1 0 0 1 0 0 1 1 1 1 1 1 1 1 1 1 1 1 1 1 1 1 1 1 0 1 1 1
1 1 1 1 0 0 0 1 0 0 1 1 1 1 1 1 0 0 1 1 0 1 1 1 1 1 1 1 a 1 0 0 1 1 1 1 1 1 1 1 1 1 1 1 1 1 1 1 1 0 1 1 0 1 a 1 1 1 1 0 0 0 1 0 2 2 1 1 0 0 1 1 2 0 1 0 2 2 2 0 2 2 2 2 0 2 2 0 2 2 2 1 2 2 1 1 0 2 2 1 1 2 1 2 1 2 1 1 1 1 0 1 1 0 1 0 1 1 1 a 1 1 1 0 1 1 1 1 1 1 0 1 1 1 1 1 1 1 1 1 1 1 0 1 1 0 1 0 1 0 1 1 1 1 1 0 1 0 1 0
0 0 0 1 1 0 1 1 0 1 1 1 1 1 1 1 1 0 1 1 1 1 1 1 1 1 1 1 a 1 1 1 1 1 1 1 1 1 1 1 0 0 1 1 1 1 1 0 1 1 1 1 0 1 a 1 1 0 1 1 1 1 0 1 2 0 1 0 2 1 2 2 1 1 2 2 2 2 2 0 1 0 1 2 1 1 0 0 2 2 2 2 0 2 1 2 2 1 0 1 1 1 1 1 1 2 0 1 1 1 1 0 1 1 0 0 1 0 1 a 0 1 1 1 1 1 1 0 1 1 0 1 1 0 0 0 1 1 0 1 1 1 1 0 1 1 1 1 1 1 1 1 1 0 1 0 0 0 1 1
1 1 1 1 1 0 1 1 1 1 1 1 0 1 1 1 0 1 1 1 1 1 1 0 0 1 0 1 a 1 1 1 1 1 1 1 0 1 1 1 1 0 1 0 1 0 0 1 1 1 0 1 0 0 a 1 1 0 1 1 1 1 1 1 1 1 1 2 0 2 1 1 1 1 1 2 2 2 2 1 2 2 2 1 2 2 1 0 2 2 2 2 1 2 0 2 0 1 0 2 1 2 1 0 2 1 1 0 1 1 1 0 0 1 1 1 1 1 0 a 1 0 1 1 1 1 1 1 1 1 1 1 0 1 1 0 0 1 1 1 1 1 1 0 1 1 1 1 1 1 1 0 1 1 1 1 1 1 0 1
1 1 1 1 1 1 1 1 0 1 1 1 1 1 1 0 1 0 1 1 1 0 1 1 1 1 1 1 a 1 1 0 0 1 0 1 1 1 1 0 1 1 1 1 1 1 1 1 1 1 1 1 0 0 a 1 1 1 1 1 0 0 1 0 2 2 1 1 0 2 2 1 2 2 1 1 2 2 1 2 2 2 2 1 1 1 0 2 1 2 0 2 1 2 2 1 0 1 0 1 0 2 2 2 2 0 1 1 1 1 1 1 0 1 0 1 1 1 1 a 1 1 1 1 0 1 1 1 1 1 1 1 0 1 1 1 1 1 1 0 1 1 1 1 1 0 1 1 1 1 0 1 1 0 1 0 1 1 1 1
1 1 1 1 1 1 1 1 1 1 0 1 1 1 1 1 1 1 0 1 1 1 1 1 1 1 0 1 a 1 1 1 0 0 1 1 0 1 1 1 1 1 1 1 1 0 1 1 0 1 0 0 1 1 a 1 1 1 0 1 1 1 1 0 0 1 0 2 0 2 1 2 0 2 2 2 0 0 2 2 0 2 0 0 2 2 0 2 0 1 2 0 2 2 0 2 2 1 1 1 2 1 2 2 2 2 0 1 1 1 1 1 0 1 1 1 0 1 1 a 1 1 1 0 1 1 1 0 1 1 1 0 1 1 1 1 1 1 1 1 1 0 1 1 1 0 1 1 0 1 1 1 1 1 1 1 1 0 1 1
1 1 1 1 1 1 0 1 1 1 1 1 1 1 1 1 0 1 1 1 1 0 1 1 1 1 1 1 a 1 1 1 1 1 1 0 1 0 1 1 1 1 0 1 1 1 1 1 1 1 1 1 1 1 a 0 1 1 1 0 0 1 0 1 2 0 1 0 2 1 2 0 2 0 2 2 2 2 2 1 0 0 0 2 2 2 2 2 2 1 0 1 2 1 1 2 0 2 2 0 2 2 0 1 1 0 1 1 0 1 1 1 1 1 1 1 1 1 1 a 1 1 0 1 1 1 0 1 1 1 0 1 1 1 1 0 0 1 0 1 0 1 1 1 1 1 1 1 1 0 0 1 1 1 1 1 1 1 0 1
1 1 1 1 1 1 1 1 1 1 0 1 0 1 1 1 1 1 0 1 1 1 0 1 1 0 1 1 a 0 1 0 1 1 1 1 0 0 0 1 1 1 0 1 1 1 1 0 1 1 1 1 1 1 a 1 1 1 1 1 1 1 1 1 1 1 2 2 2 2 1 0 1 0 0 1 2 2 2 2 1 0 1 2 2 0 1 0 2 2 2 0 2 2 0 1 1 1 2 2 1 2 0 0 1 2 0 1 1 1 1 1 1 1 1 1 1 1 1 a 1 1 0 0 1 1 0 1 1 1 0 0 1 1 1 1 0 1 1 1 1 1 1 1 1 1 1 1 0 1 1 1 0 0 1 1 1 0 1 1
1 1 1 1 1 1 1 0 1 1 0 1 1 1 1 0 1 1 0 1 1 1 1 0 1 1 1 1 a 1 0 1 1 1 1 1 1 0 1 1 0 0 1 1 1 0 1 1 1 1 0 0 0 1 a 0 1 0 1 1 0 1 1 1 0 1 0 2 1 2 1 0 0 0 1 2 2 0 0 0 1 2 0 2 2 2 0 2 2 2 2 2 2 1 1 2 1 2 1 2 2 1 2 2 1 1 1 1 0 1 1 0 0 1 1 0 0 1 1 a 0 1 1 1 1 0 1 1 1 1 1 0 1 1 0 1 1 0 1 1 0 1 1 1 1 1 1 0 0 1 1 1 0 1 1 1 1 1 1 1
1 1 1 1 1 1 1 1 1 1 1 1 1 0 1 1 1 1 1 1 0 1 1 1 1 1 1 1 a 1 1 0 0 1 1 0 1 1 0 1 1 1 1 1 1 1 0 1 1 0 1 1 1 0 a 1 1 0 1 1 1 1 1 1 0 1 2 1 1 2 1 1 2 1 1 0 0 0 2 2 1 2 2 2 2 2 0 2 2 2 1 1 0 2 2 1 1 2 0 2 2 2 1 2 2 2 1 0 1 0 1 1 1 0 1 1 1 1 1 a 1 1 0 1 1 1 1 0 1 0 1 1 1 1 1 0 0 1 1 1 1 1 1 1 1 1 1 1 0 1 1 1 0 1 1 1 1 1 0 1
1 1 1 1 1 1 0 1 0 1 1 0 0 0 1 1 1 1 1 1 1 1 0 1 1 0 1 1 a 1 1 0 1 1 1 1 1 1 1 1 1 1 0 1 0 1 1 1 1 0 1 1 0 1 a 1 1 1 0 0 1 1 1 1 1 2 1 2 1 2 1 2 1 1 1 2 1 2 2 2 2 2 1 2 2 0 2 2 2 0 1 2 2 2 2 2 2 0 2 1 1 0 1 1 1 2 1 1 1 1 1 1 1 1 1 0 1 1 1 a 1 1 1 0 1 1 1 1 1 1 1 0 0 0 1 1 1 1 1 1 1 1 1 1 1 1 1 1 1 1 1 1 1 1 1 1 1 0 1 1
1 1 1 1 0 1 1 1 1 1 1 1 1 0 0 1 0 1 1 1 1 0 0 1 1 1 1 1 a 0 1 1 0 1 1 0 1 1 1 1 1 0 0 1 1 1 1 1 1 1 1 1 1 1 a 1 0 1 1 1 1 1 1 1 1 0 0 2 2 1 0 0 0 1 1 2 1 0 0 2 0 0 2 2 1 2 0 0 0 2 1 1 2 1 0 1 2 1 2 1 2 1 1 2 1 2 1 0 0 0 1 0 1 1 1 1 1 0 1 a 0 0 1 1 1 1 1 1 1 1 1 1 0 1 1 1 1 1 1 0 1 1 0 1 1 1 1 1 1 1 1 1 1 1 1 1 1 1 1 0
1 1 1 1 1 0 1 1 1 1 1 1 1 1 1 1 1 1 1 1 0 1 1 1 1 1 1 1 a 1 1 1 1 1 0 1 1 1 0 1 1 1 1 0 1 1 1 1 1 0 1 1 1 1 a 1 1 1 1 1 1 1 1 1 0 2 1 2 2 1 2 1 2 1 0 1 0 2 2 2 2 2 1 0 2 2 2 2 2 1 1 2 0 2 2 1 1 1 0 1 1 1 1 1 1 2 1 1 1 1 1 0 1 1 0 1 0 1 1 a 1 1 1 1 1 1 1 1 1 1 1 0 1 1 1 1 1 1 0 1 1 1 1 1 1 1 1 1 1 1 0 1 1 1 1 1 1 1 1 1
1 1 1 1 1 1 1 1 1 1 1 1 1 1 0 1 0 0 1 1 0 1 1 0 1 1 0 1 a 0 0 1 1 1 1 1 1 1 1 1 1 0 1 1 0 0 0 1 1 1 0 1 1 0 a 1 1 1 1 1 1 1 1 1 0 1 1 1 1 1 1 2 2 2 2 0 0 2 0 2 0 0 2 0 2 0 2 2 1 0 2 2 0 0 2 2 1 2 2 1 2 0 1 0 0 1 1 0 1 1 1 1 1 1 1 1 1 1 1 a 1 1 1 1 1 0 1 1 0 1 1 1 1 1 1 1 0 1 1 0 0 1 1 0 0 1 0 1 1 1 0 1 1 0 1 1 1 0 1 0
1 0 1 0 1 1 1 1 0 1 1 1 1 1 1 1 0 1 0 0 0 1 0 1 1 0 0 1 a 0 1 1 1 1 1 1 1 1 1 1 0 1 1 1 1 1 1 1 1 1 1 1 1 1 a 1 1 1 1 1 1 1 1 1 2 1 2 0 1 1 1 0 1 2 1 2 2 2 0 2 0 1 1 2 2 2 1 1 1 0 2 2 1 1 2 1 0 1 2 0 0 2 2 0 1 1 1 1 1 1 1 1 0 1 1 0 1 1 1 a 0 1 1 1 1 1 1 1 1 1 1 0 1 1 1 1 0 1 1 0 0 1 1 0 1 0 1 1 1 0 1 1 1 1 1 1 1 1 1 1
1 0 0 1 1 1 1 1 1 1 1 1 1 1 1 1 1 0 1 1 1 1 1 0 1 0 1 0 a 1 1 1 1 1 1 1 1 0 0 1 1 1 1 1 1 1 0 1 1 1 1 1 1 1 a 1 1 0 1 1 1 0 1 1 1 1 2 1 1 0 1 0 2 2 2 2 1 1 2 2 2 2 0 2 0 0 2 2 0 2 0 0 2 2 2 2 1 0 0 2 1 2 1 2 2 1 1 0 1 1 1 1 0 1 1 1 1 0 1 a 1 1 1 1 1 1 1 1 1 1 1 1 1 1 1 1 1 1 1 0 1 1 1 1 1 1 1 1 0 1 1 1 1 1 0 1 0 1 0 1
1 0 0 1 1 1 1 1 1 0 1 1 1 1 1 1 1 1 1 1 0 1 2 2 1 1 2 1 b 1 1 2 0 1 2 0 0 1 2 0 0 1 0 1 2 0 2 1 0 2 0 2 2 1 a 0 1 1 1 1 0 1 1 0 2 1 0 1 0 1 0 1 0 0 0 1 2 2 2 2 2 2 2 0 0 1 1 0 2 0 2 1 1 1 2 2 1 1 2 2 1 2 1 1 2 0 0 1 1 1 1 1 1 1 1 1 0 1 1 a 0 1 1 1 1 0 1 1 1 1 1 1 1 1 1 1 1 0 0 1 0 1 1 1 1 1 1 1 1 1 1 1 0 1 1 1 0 1 1 0
0 1 0 1 0 1 1 0 1 0 0 1 1 1 1 1 1 1 0 1 1 1 2 2 1 0 1 2 a 1 2 0 1 1 1 1 2 1 0 2 1 1 0 1 1 1 0 1 1 1 1 2 1 0 a 0 1 1 1 1 1 1 1 1 2 0 2 2 1 2 0 1 1 2 2 0 2 1 1 2 2 2 2 2 0 2 1 2 2 1 1 2 2 1 2 0 0 0 0 1 1 1 1 1 1 1 1 1 1 1 1 1 1 1 1 1 1 1 0 a 1 1 1 1 1 1 1 1 1 1 1 1 0 1 0 1 1 1 1 1 1 1 1 1 0 1 1 0 1 0 1 0 1 1 1 1 1 0 1 0
1 1 1 1 1 1 1 0 1 1 1 1 1 1 1 1 1 1 0 1 1 1 2 2 2 0 2 1 a 1 1 2 2 1 1 0 1 1 1 2 1 0 1 2 1 2 2 0 2 2 2 1 1 0 a 1 1 1 1 1 1 1 1 1 2 1 2 0 2 0 1 2 2 0 2 2 1 2 1 0 1 0 2 0 1 2 2 1 2 0 0 1 1 2 2 1 1 1 0 1 1 1 1 1 1 1 1 0 1 0 0 1 1 1 1 1 1 1 1 a 1 1 1 1 1 1 1 1 0 1 1 0 1 1 1 1 1 1 1 0 1 1 1 1 1 1 1 1 0 1 1 1 1 1 1 0 1 1 1 0
1 1 1 0 0 1 1 0 1 1 1 0 1 0 1 0 1 1 1 1 1 0 1 2 0 2 1 1 a 1 2 2 1 1 2 0 2 0 1 1 2 2 2 0 2 1 0 1 1 1 2 2 0 1 a 1 1 1 1 1 1 1 1 0 1 1 2 2 2 1 2 1 2 0 1 1 2 1 2 2 2 2 2 2 1 2 2 2 2 1 0 2 0 0 1 1 1 0 1 1 1 0 1 1 1 0 0 1 0 0 1 1 1 1 1 1 1 1 1 a 1 1 0 1 1 1 0 1 0 1 1 1 1 1 0 0 1 1 1 0 1 1 1 1 0 1 1 1 1 0 1 1 1 1 0 1 1 1 1 1
1 1 1 1 1 0 1 0 0 1 1 1 1 1 1 1 1 1 1 1 1 0 0 0 2 2 1 0 a 2 1 1 1 1 0 0 2 1 2 1 1 2 0 2 1 2 0 2 0 1 2 1 1 1 a 1 1 1 0 1 1 0 1 0 2 2 1 2 2 2 2 2 1 1 2 1 1 1 2 0 2 1 1 1 1 2 2 1 0 1 1 2 2 2 0 1 1 1 1 1 1 1 1 1 0 1 1 1 1 0 1 1 1 1 0 1 1 1 0 a 1 1 1 0 1 1 1 1 0 1 1 1 1 1 1 1 1 1 1 1 1 1 1 0 1 1 1 0 0 1 1 1 1 1 1 1 0 1 1 0
a a a a a a a a a a a a a a a a a a a a a a b b b b a a a 1 1 0 1 2 2 1 2 2 1 2 2 1 1 2 1 2 1 1 1 1 1 1 0 1 a 1 1 1 1 0 1 0 1 1 0 2 2 1 2 2 1 2 2 1 1 2 2 1 0 1 1 2 1 2 1 2 1 0 1 1 1 0 1 0 1 1 1 0 1 1 0 1 1 1 1 1 0 1 1 1 1 1 1 1 0 0 0 1 1 a 1 1 1 1 0 1 1 0 0 1 1 1 1 1 1 0 1 1 1 1 1 0 1 1 1 0 1 1 0 0 1 0 0 1 1 1 0 0 1 1
0 1 0 1 1 0 1 1 0 1 1 1 1 0 1 1 1 1 1 0 1 1 2 2 0 0 0 2 0 1 2 1 2 1 1 0 1 2 2 1 2 2 2 0 1 2 1 1 2 2 1 0 2 1 a 0 1 1 1 1 1 1 1 1 1 1 1 2 1 1 1 1 0 0 2 2 0 0 1 1 2 2 0 2 1 2 0 2 0 0 0 1 0 1 2 1 1 0 1 1 1 1 1 1 1 1 1 1 1 1 0 0 1 1 1 1 0 1 1 a 1 1 1 0 1 1 0 1 1 0 1 1 1 1 1 1 1 1 1 1 1 1 1 1 1 0 1 1 1 1 1 0 0 1 1 1 0 1 1 0
0 1 1 1 1 1 1 1 1 1 1 1 1 1 1 1 1 1 1 1 0 1 1 2 2 0 2 1 2 1 2 2 2 2 1 1 2 1 1 2 1 1 0 1 0 2 2 2 2 1 2 0 1 1 a 1 1 1 1 0 0 1 1 1 1 1 0 0 2 2 2 0 1 2 2 2 2 1 2 2 0 1 0 2 1 2 1 2 2 0 0 1 1 2 2 1 0 0 1 1 0 1 1 1 1 1 1 1 1 1 0 1 1 1 1 1 1 1 1 a 1 1 1 1 1 1 1 1 1 0 1 1 1 1 1 1 1 1 0 1 1 0 1 1 1 1 1 1 1 1 0 1 1 1 0 0 1 0 1 1
1 1 1 0 1 1 0 1 1 1 1 1 0 1 1 1 1 1 0 1 1 1 1 0 1 1 2 2 2 1 1 0 1 2 2 2 2 0 2 0 1 0 2 2 0 2 1 1 0 0 2 0 2 1 a 1 1 1 1 1 1 1 1 1 0 1 1 1 0 1 0 2 2 1 1 1 2 2 1 2 2 1 1 1 0 1 0 1 1 0 0 2 2 0 1 1 0 1 1 1 1 0 1 0 0 1 1 1 1 1 1 1 0 1 1 1 1 1 1 a 1 1 1 0 1 1 1 1 1 1 1 1 1 1 1 1 1 1 1 1 1 1 1 0 1 1 1 1 1 1 1 1 1 1 1 1 1 1 1 0
1 1 1 1 1 1 1 0 1 0 1 1 0 1 1 0 1 1 1 1 1 0 1 1 2 1 2 2 2 0 0 1 1 1 1 1 0 0 1 1 1 2 2 2 2 2 2 2 2 2 2 0 0 1 a 1 0 1 1 1 1 1 1 1 1 1 1 1 0 1 1 1 0 1 1 1 1 0 1 1 1 1 1 1 1 1 1 1 1 0 1 0 1 1 1 1 1 1 1 1 1 1 1 0 1 0 1 0 1 1 0 1 1 1 1 0 1 1 0 a 1 1 1 0 1 1 1 1 1 0 0 0 1 0 1 1 0 1 1 1 1 1 1 1 1 1 1 1 1 1 0 1 1 1 1 1 1 1 1 1
1 1 1 1 1 0 1 1 1 1 1 1 1 1 0 0 1 1 1 1 0 1 2 1 2 2 1 0 0 0 1 1 2 2 0 1 1 0 2 1 1 0 1 2 1 0 1 0 2 2 1 0 2 1 a 0 0 1 1 1 1 1 1 1 1 0 1 1 1 1 1 1 1 1 1 0 1 1 1 1 1 1 1 1 1 1 1 1 1 1 1 1 0 1 1 1 0 1 1 1 1 1 1 1 0 1 0 1 0 1 1 1 1 0 1 0 0 1 1 a 0 1 1 1 1 1 1 1 1 1 1 1 1 1 1 1 1 1 1 1 0 1 0 1 0 1 0 1 1 1 0 0 1 1 1 1 0 1 0 1
1 1 0 1 1 1 1 1 1 1 0 0 1 1 0 1 1 1 1 1 1 1 0 1 1 0 0 1 1 2 1 1 2 1 0 0 2 2 0 2 0 1 0 1 2 1 1 1 0 2 1 1 1 1 a 1 1 1 1 1 1 1 1 1 1 1 0 1 1 1 1 1 1 1 0 1 1 1 1 0 1 1 0 1 1 1 1 1 0 0 1 1 1 1 0 0 1 1 1 1 1 1 0 1 1 1 1 1 0 1 0 1 1 0 1 1 1 1 1 a 1 0 1 0 1 1 1 0 0 1 1 0 0 1 0 1 1 1 1 1 1 1 0 1 1 1 1 0 0 0 1 0 1 1 0 1 1 1 0 1
1 1 1 0 1 1 1 1 0 1 1 1 1 1 0 1 1 1 1 1 0 1 2 0 1 1 2 0 1 2 2 1 0 2 2 0 2 2 1 1 2 2 0 1 2 1 2 0 2 2 2 0 2 1 a 0 1 1 1 1 1 1 1 1 1 1 1 1 1 1 1 1 1 1 1 1 0 1 1 1 1 1 1 1 1 1 1 1 1 0 1 0 1 1 1 1 1 1 1 1 1 1 0 1 1 1 0 1 1 1 0 1 1 0 0 1 0 1 0 a 1 1 1 1 1 1 0 0 0 0 1 1 1 1 1 1 1 1 0 0 1 1 0 1 1 1 0 1 1 1 0 1 1 1 1 1 1 1 1 0
1 1 1 1 1 1 1 1 1 1 0 1 0 1 1 1 1 1 1 1 1 1 1 1 2 2 2 2 2 1 2 0 1 2 2 2 0 2 0 2 2 1 1 1 1 2 1 2 0 1 0 2 2 1 a 1 1 1 1 1 1 1 1 1 0 1 1 1 1 1 1 1 1 0 0 1 1 1 1 1 1 1 1 0 1 0 1 1 1 1 0 1 1 1 1 1 1 1 1 0 1 1 1 1 1 1 0 1 0 1 1 1 0 0 1 1 1 1 1 a 1 1 1 1 1 1 1 1 1 1 1 1 1 1 1 1 1 1 1 0 1 1 1 1 0 1 1 1 0 1 1 1 1 1 0 1 1 1 1 1
0 1 1 0 1 0 1 0 1 1 1 1 1 1 1 1 0 0 1 1 0 1 2 0 2 1 2 1 2 2 1 0 2 1 2 1 2 0 1 2 0 2 1 0 2 2 2 1 1 1 1 2 2 1 a 0 0 1 0 1 1 0 1 1 0 0 1 1 1 1 1 1 0 1 1 1 1 1 1 0 1 1 0 1 0 1 0 1 1 0 1 1 1 0 0 1 1 0 0 1 1 1 1 1 1 1 1 1 1 1 1 1 1 1 1 1 1 0 1 a 1 1 0 0 1 1 1 1 1 0 1 1 1 1 1 1 1 1 1 1 1 1 0 0 1 1 1 1 1 0 1 1 1 0 0 1 0 1 1 1
1 1 1 1 0 1 1 1 0 1 1 0 1 1 0 1 1 0 1 1 1 1 0 2 1 2 1 1 1 2 0 2 2 2 2 1 2 1 1 2 2 2 2 2 0 0 0 2 1 1 0 2 2 1 a 1 1 1 1 1 1 0 1 1 1 1 1 1 1 0 0 1 1 1 0 0 1 1 1 0 0 1 0 1 1 1 1 1 1 1 1 1 1 1 1 1 1 0 1 1 1 1 0 0 1 1 1 1 1 1 1 1 0 1 1 1 1 0 0 a 1 1 1 1 0 1 1 1 1 0 1 1 0 1 1 1 1 1 1 1 1 1 1 1 1 0 1 1 1 0 1 1 0 1 1 1 1 1 1 1
1 1 1 1 1 1 0 1 1 1 1 1 1 1 0 1 0 0 0 0 1 1 0 1 0 1 2 1 0 1 1 2 1 0 1 2 1 2 2 2 1 1 2 2 1 1 2 2 2 2 0 0 0 1 a 1 1 0 1 1 1 1 1 1 0 1 0 1 1 0 1 1 0 1 1 1 1 1 1 1 1 1 1 1 0 1 1 1 0 0 0 1 0 1 1 1 1 1 1 1 1 0 1 1 0 1 0 0 1 0 1 1 1 1 1 1 1 1 1 a 1 1 1 0 1 1 1 1 1 1 1 1 1 0 1 1 1 0 1 1 1 0 0 1 1 1 1 1 1 1 1 1 1 1 1 0 0 1 0 1
0 0 1 1 1 1 1 0 1 1 1 1 1 0 1 1 1 1 1 1 1 0 2 2 2 2 2 2 1 0 2 2 1 0 2 2 1 2 1 1 1 2 2 0 2 1 0 2 0 2 1 2 0 1 a 1 0 1 0 1 0 1 1 1 0 1 1 1 1 1 1 1 0 0 1 0 1 1 1 1 1 1 1 1 0 1 1 1 1 1 1 1 0 1 1 0 1 1 1 1 1 1 1 1 1 1 1 1 1 1 0 1 0 1 1 1 1 1 0 a 1 1 1 1 1 0 1 1 1 1 1 1 1 0 1 1 1 1 1 0 1 1 1 1 1 0 1 1 1 1 1 1 1 1 0 1 1 1 1 1
0 1 1 1 1 1 1 1 1 0 1 0 1 1 0 1 0 0 0 1 0 0 1 2 2 2 2 2 1 1 2 2 1 1 2 2 1 0 2 2 1 2 0 2 2 1 0 2 1 2 2 1 1 1 a 1 1 1 1 0 1 0 1 1 1 1 1 1 1 1 1 1 0 0 1 0 0 1 1 1 1 1 1 1 1 0 0 1 1 1 1 1 1 1 1 1 1 1 1 1 1 1 1 0 0 1 1 1 0 1 1 0 1 1 1 1 0 1 1 a 1 1 1 1 1 1 1 0 1 1 1 1 1 1 1 1 1 0 0 1 0 1 0 1 1 1 1 1 1 1 1 1 1 1 1 0 1 1 1 0
0 1 1 1 0 1 1 0 0 1 1 1 0 1 1 1 1 1 1 1 1 1 2 1 2 1 0 2 2 0 0 2 0 1 2 2 2 1 1 2 2 1 1 0 2 2 2 1 1 2 2 0 1 1 a 0 1 0 1 1 1 1 1 1 0 1 1 1 1 1 0 1 1 0 0 1 1 1 1 1 1 1 1 0 1 1 1 1 1 0 1 1 1 1 0 1 1 1 1 1 1 1 1 0 1 1 1 1 1 1 1 1 1 1 1 1 1 0 0 a 1 1 1 1 1 0 1 0 1 0 1 1 1 1 0 1 1 1 0 1 1 0 0 1 1 0 0 1 1 1 1 1 1 1 1 1 0 1 1 0
1 1 1 1 1 1 0 1 0 1 1 1 1 1 1 1 1 1 1 1 0 1 2 2 1 1 2 2 2 1 2 0 2 0 0 2 0 2 2 0 2 1 1 2 2 0 1 1 0 1 1 2 1 1 a 1 1 1 0 1 1 1 1 1 1 0 0 1 1 0 1 1 1 1 1 1 1 1 0 0 0 1 0 1 1 1 0 0 1 1 1 0 1 1 1 1 1 1 1 1 1 1 1 1 1 1 1 0 1 1 1 0 1 0 1 0 0 1 1 a a a a a a a a a a a a a a a a a a a a a a a a a a a a a a a a a a a a a a a a a
1 0 1 0 1 1 1 1 1 1 1 1 1 1 1 1 1 0 1 1 1 0 0 2 1 0 2 0 1 2 2 1 2 2 0 2 0 0 2 0 1 2 2 0 1 2 2 2 0 2 0 2 0 1 a 1 1 0 1 1 1 1 1 1 1 1 1 1 1 1 0 0 0 1 0 1 1 1 1 0 1 1 1 1 1 1 0 1 1 0 1 1 1 1 1 0 1 1 1 1 1 1 0 1 1 1 1 1 1 0 1 1 1 0 1 1 1 1 1 0 1 0 1 1 1 0 1 1 1 1 1 1 1 1 1 1 0 1 1 1 1 1 1 1 1 1 1 1 1 1 1 1 1 1 0 0 1 1 1 1
1 1 0 1 0 1 1 1 0 1 1 1 1 1 0 1 0 1 1 1 1 1 2 2 2 0 1 2 2 2 2 1 0 0 2 2 1 0 1 1 2 1 2 0 0 2 2 2 2 1 0 1 1 1 a 1 1 0 1 0 1 1 0 1 1 1 1 1 1 1 1 1 0 1 1 1 1 1 1 1 1 1 1 1 0 1 1 1 1 1 1 1 1 0 1 0 0 1 1 1 0 1 0 1 1 1 1 0 1 1 1 1 1 1 1 1 1 1 1 0 1 1 1 1 0 1 1 1 0 1 1 1 1 1 1 1 1 1 0 1 1 0 1 1 1 1 1 1 1 0 1 1 1 0 1 1 0 0 0 1
1 1 1 1 1 1 1 1 1 0 0 1 0 0 1 1 1 0 1 0 1 0 2 1 2 2 2 1 2 2 2 1 2 0 2 1 0 1 2 2 0 0 1 0 1 2 2 1 2 0 0 2 1 0 a 1 0 1 0 0 0 1 1 1 1 1 1 1 1 0 0 1 1 1 1 1 1 0 1 1 1 1 1 1 1 1 1 1 1 0 1 0 1 0 0 1 1 1 1 1 1 1 1 1 1 1 1 1 1 1 0 1 1 1 1 1 0 1 1 1 1 1 1 1 1 1 1 1 1 1 1 1 1 0 1 1 0 1 1 1 1 1 0 0 1 1 1 1 1 1 1 0 1 0 1 1 0 1 1 1
1 1 0 1 0 0 1 1 1 1 1 1 1 1 1 0 1 0 1 1 1 1 0 0 2 1 2 1 1 2 2 2 2 1 0 0 1 0 2 2 1 2 2 2 2 1 2 2 2 0 2 1 2 1 a 1 1 1 1 1 1 0 0 0 1 1 1 1 0 0 1 1 1 0 1 1 1 0 1 1 0 1 1 1 1 1 1 1 1 1 0 1 1 0 1 1 1 1 1 1 1 0 1 1 1 0 0 1 1 1 1 1 1 1 1 1 1 1 1 1 1 1 1 1 1 1 1 1 1 1 1 1 1 1 1 1 1 1 1 1 1 1 0 1 1 1 1 1 1 1 1 1 1 0 1 1 1 1 1 1
