14151
234
147.5685
51.233
7205
151
78.5637
14.824
8174
133
103.3627
9.128
13803
208
155.2585
32.825
13493
156
138.5367
22.815
12120
190
114.3308
20.662
13182
184
122.1017
13.653
14597
180
144.6225
15.597
10304
170
105.1961
21.771
7486
114
90.9558
10.903
10683
185
112.8063
27.971
10516
206
97.4240
26.504
5777
116
78.5808
5.980
12980
236
102.0992
29.930
6022
146
73.9853
10.363
4798
152
72.5563
4.664
8745
143
95.8774
12.995
5936
190
88.8174
10.452
14406
232
106.1703
38.465
10412
191
92.5674
30.657
11491
243
136.4779
24.034
7961
113
87.4706
19.355
12480
161
148.4840
15.719
8014
136
105.7916
19.395
10798
165
124.9779
25.933
14529
203
156.7830
21.471
9362
138
117.9264
14.724
9500
174
130.3480
15.732
7943
131
93.5845
21.622
2248
113
50.2635
6.883
6976
198
74.4142
19.104
14528
254
120.6813
77.885
11377
172
100.1421
30.809
6648
191
82.0992
21.899
11946
197
107.9448
34.918
13055
211
123.0563
28.302
14094
190
108.1090
31.832
10006
205
98.6421
20.668
14853
172
115.6421
22.705
6813
148
95.5833
10.183
8872
227
114.9779
12.912
13734
170
108.5772
20.402
11500
223
103.6495
22.671
14877
249
131.6924
29.000
4403
130
54.4853
8.063
11808
146
85.1924
24.110
4913
147
78.1569
6.890
10654
291
112.6140
18.550
14614
123
123.0588
20.015
13954
245
118.1274
22.862
