239
144
179.4582
2.235
203
149
82.1274
0.605
219
112
111.4178
0.809
508
164
190.7008
2.099
707
186
170.9435
3.724
835
163
151.2756
3.975
548
167
168.0378
2.334
650
204
180.4889
4.652
467
169
138.1825
2.804
220
109
108.7548
1.250
312
151
128.8675
1.017
342
203
106.4338
2.039
158
126
88.2267
0.539
416
225
111.0122
4.271
295
114
87.0833
2.487
167
118
111.2180
0.940
391
145
105.7622
1.635
172
157
107.7364
0.768
387
310
126.0416
1.022
360
181
97.8198
1.452
454
231
164.7107
1.634
250
121
92.7843
0.543
830
158
194.4949
2.428
307
133
115.1617
1.316
504
205
149.1262
2.101
754
187
183.9668
2.832
590
127
135.4889
4.427
553
190
149.7254
2.985
457
130
118.3970
1.367
166
132
66.9277
0.646
307
165
109.2793
2.127
632
211
157.0538
4.698
515
143
172.3307
2.821
465
175
109.6764
2.439
397
201
128.0012
1.197
1553
333
224.2168
5.395
575
182
117.8296
2.771
535
147
126.1715
2.005
627
173
140.9043
4.389
447
165
105.2046
1.426
400
222
125.6764
2.455
447
140
116.7401
2.275
251
135
152.8944
1.256
854
238
200.8320
4.181
233
133
56.4779
0.810
475
129
94.6409
2.347
562
168
92.1237
2.296
265
134
125.2193
1.534
384
137
151.5244
1.804
618
224
183.9778
2.391
