14239
234
147.5685
77.790
7728
151
78.5637
17.188
8377
133
103.3627
21.125
13909
208
155.2585
24.171
13570
156
138.5367
25.701
12481
190
114.3308
34.864
13361
184
122.1017
25.794
14639
180
144.6225
37.723
10807
170
105.1961
19.847
8011
114
90.9558
12.856
11326
185
112.8063
19.157
11197
206
97.4240
20.683
6523
116
78.5808
10.459
13359
236
102.0992
27.028
6436
146
73.9853
10.867
5264
152
72.5563
5.899
9279
143
95.8774
15.668
6596
190
88.8174
8.868
14472
232
106.1703
29.341
10897
191
92.5674
23.543
11977
243
136.4779
17.923
8981
113
87.4706
14.546
12742
161
148.4840
15.048
8077
136
105.7916
7.725
11135
165
124.9779
21.392
14549
203
156.7830
24.469
9482
138
117.9264
13.709
9634
174
130.3480
15.627
8004
131
93.5845
16.766
2755
113
50.2635
4.983
7741
198
74.4142
8.956
14598
254
120.6813
26.138
12082
172
100.1421
28.206
7660
191
82.0992
13.250
12327
197
107.9448
26.082
13319
211
123.0563
24.591
14243
190
108.1090
26.945
10253
205
98.6421
10.832
14899
172
115.6421
27.828
7401
148
95.5833
12.826
9504
227
114.9779
15.746
14036
170
108.5772
22.407
12305
223
103.6495
17.567
14948
249
131.6924
34.892
4743
130
54.4853
9.545
12475
146
85.1924
21.060
5713
147
78.1569
10.226
11445
291
112.6140
23.168
14656
123
123.0588
30.774
14365
245
118.1274
27.865
