742
173
171.7254
1.438
209
146
82.5416
0.676
171
107
114.3320
0.349
267
146
187.3356
0.663
1693
171
159.6727
6.875
1920
155
170.9583
1.920
896
147
165.0660
1.242
1637
191
169.5367
1.941
368
123
134.4423
0.576
543
109
104.6127
0.509
570
140
128.4104
0.675
305
192
100.3946
0.423
765
116
79.5808
0.665
376
122
122.1531
0.624
116
114
86.3333
0.285
153
131
79.2696
0.235
283
141
101.2769
0.738
162
157
94.1580
0.433
316
171
138.9864
0.621
218
172
98.8982
0.941
1014
213
172.6617
1.960
634
109
114.2916
1.509
2855
150
155.3688
7.459
329
127
111.9264
2.671
743
121
135.5404
0.808
1721
179
176.7070
4.367
503
137
119.1764
0.955
438
168
145.7756
1.022
278
121
103.5980
0.483
109
103
55.1556
0.253
204
182
86.5380
0.863
916
172
179.8675
1.843
883
148
134.0759
1.083
777
146
112.7977
0.713
460
191
125.6262
0.592
1317
173
154.5391
1.378
249
176
119.5293
0.428
508
125
138.4141
0.968
572
135
143.8259
0.911
1406
110
128.9190
2.138
606
216
117.1556
1.947
539
145
115.6041
1.084
162
131
153.8442
1.045
3617
241
203.0391
23.915
173
131
55.9779
0.235
344
123
91.3124
0.432
1439
141
79.1421
2.795
900
129
120.9338
2.367
1131
120
132.4509
1.463
1193
175
188.7254
1.531
