3517
160
165.3467
5.398
382
142
79.9632
5.540
956
110
107.6825
1.844
3217
171
174.9165
19.960
1836
148
140.3933
5.844
2496
143
139.8578
3.168
2222
180
139.7867
3.784
3104
155
150.8994
6.020
1134
126
113.8430
2.264
1291
113
95.0343
4.827
1066
132
123.8528
2.686
576
191
100.5588
0.774
814
116
78.5808
0.709
903
126
112.4533
1.666
363
111
87.5759
11.486
564
127
90.2401
1.429
807
141
97.5490
1.446
1513
154
105.9006
1.650
1447
188
122.9056
2.074
1194
176
98.2414
3.273
2816
226
148.4411
4.167
1137
113
87.4706
1.428
3136
160
148.6482
6.847
1353
125
109.0196
4.264
2038
133
128.3063
3.370
4368
198
158.3541
5.363
1667
133
118.8333
1.889
1488
155
132.8970
1.537
730
116
102.1053
0.764
1138
125
66.7990
2.227
487
188
85.5527
0.993
2662
188
142.2340
5.292
1057
153
103.6838
2.216
1219
156
94.8848
1.462
1157
189
119.9975
1.326
1624
172
130.6323
2.141
469
168
112.5220
0.630
1940
139
119.4178
2.489
3592
172
115.8921
5.793
1453
121
104.4264
1.107
1126
213
116.8198
1.726
1271
144
115.0183
1.636
1550
126
147.3871
2.276
4174
216
143.7364
8.097
238
127
54.9779
0.829
947
123
91.1409
1.385
531
144
78.6495
0.987
1880
129
114.1630
2.329
2665
121
123.3872
2.446
3676
173
155.0367
6.021
