612
141
172.1310
24.576
608
132
81.9485
4.603
542
105
125.3565
6.487
666
143
203.0598
2.753
2030
130
155.8307
8.098
2300
143
139.6862
8.971
650
134
191.3368
8.511
982
143
184.8516
6.952
622
112
128.2021
4.792
480
110
122.3553
2.405
523
106
142.2082
3.332
856
190
103.3014
4.381
514
115
80.2806
2.028
710
118
118.3883
2.305
419
85
100.2817
2.982
487
104
135.3920
5.173
494
93
136.3160
7.039
740
139
139.7707
8.727
812
166
140.4288
3.571
518
108
148.2363
5.102
667
140
215.4409
4.558
472
105
112.5343
3.552
902
140
181.3528
99.317
414
93
117.1028
9.279
612
118
133.8762
8.418
914
148
211.8295
9.140
763
102
152.0023
7.005
836
150
135.0465
6.541
664
116
103.5404
9.979
472
102
59.4840
5.096
759
141
161.7768
7.434
1983
163
185.0317
15.412
654
134
162.0354
7.140
828
145
130.0196
8.850
834
117
165.5795
11.832
1042
146
182.3295
7.899
799
117
119.1788
7.316
710
113
137.5170
36.134
1063
128
157.2315
6.728
1282
113
116.0220
7.915
934
139
191.3711
14.018
1254
118
158.1065
11.998
720
136
178.1003
7.599
922
166
219.5158
6.510
418
93
110.7180
5.632
486
95
103.1678
6.719
1431
129
157.8541
29.659
611
120
135.2830
5.505
1086
108
148.6457
9.971
774
139
194.7939
4.581
