15192
234
147.5685
28.071
11360
151
78.5637
17.191
10563
133
103.3627
8.397
15044
208
155.2585
16.381
14577
156
138.5367
15.865
13745
190
114.3308
28.167
14559
184
122.1017
18.603
15229
180
144.6225
14.134
14105
170
105.1961
20.362
10180
114
90.9558
8.791
13927
185
112.8063
26.117
15020
206
97.4240
46.289
9719
116
78.5808
29.786
15209
236
102.0992
29.816
10475
146
73.9853
38.499
9510
152
72.5563
28.364
13341
143
95.8774
30.720
10470
190
88.8174
18.854
15214
232
106.1703
49.085
13697
191
92.5674
32.084
13483
243
136.4779
18.906
12097
113
87.4706
26.820
13772
161
148.4840
16.520
9040
136
105.7916
12.904
12857
165
124.9779
24.305
14911
203
156.7830
23.144
10792
138
117.9264
14.892
11322
174
130.3480
19.062
9294
131
93.5845
16.624
5842
113
50.2635
12.513
12227
198
74.4142
18.940
15136
254
120.6813
18.411
13753
172
100.1421
20.900
11571
191
82.0992
18.753
13740
197
107.9448
24.094
15157
211
123.0563
23.834
15315
190
108.1090
19.870
12798
205
98.6421
18.274
15252
172
115.6421
23.924
11376
148
95.5833
20.403
12078
227
114.9779
12.051
15112
170
108.5772
25.126
15101
223
103.6495
27.962
15089
249
131.6924
21.855
8941
130
54.4853
14.823
14674
146
85.1924
20.900
8969
147
78.1569
12.799
14152
291
112.6140
21.627
15092
123
123.0588
16.537
15312
245
118.1274
24.709
