250
143
181.2792
1.613
174
148
82.2916
0.627
214
111
113.2389
0.608
499
166
201.9569
2.863
620
185
178.4276
3.466
477
162
155.9607
3.114
557
226
181.6910
2.906
508
203
184.0023
3.015
469
209
173.7633
3.030
213
110
116.1543
0.934
252
150
131.9312
0.608
343
202
107.4264
1.592
147
126
89.0551
0.542
387
222
111.5048
1.793
298
112
87.4117
1.245
154
117
113.0391
0.584
480
174
108.7696
3.135
169
156
109.5575
0.268
385
314
132.4411
1.008
367
179
98.9767
0.759
430
229
170.1812
1.200
239
121
97.7548
0.561
569
157
201.4974
2.604
306
131
117.9754
2.602
452
205
152.1114
2.481
627
186
191.1016
5.088
584
140
160.9373
2.420
592
189
152.0465
3.945
498
133
125.0465
6.315
146
132
66.9277
1.004
281
220
119.4975
0.728
595
210
162.5673
2.339
491
289
200.4949
3.135
429
173
113.3185
1.336
382
200
132.3933
2.130
589
332
228.7658
1.582
538
189
115.7009
3.163
589
147
129.8210
2.952
656
378
200.2254
3.231
296
168
109.0220
2.220
357
231
136.1433
2.437
388
137
120.5538
1.817
271
133
154.8797
1.765
566
240
209.4239
2.916
233
132
56.6421
0.746
362
127
96.6972
1.436
441
169
95.6519
1.304
251
132
127.2046
0.646
308
136
155.5489
1.316
485
225
192.2339
1.467
