12164
234
147.5685
46.213
3480
151
78.5637
4.979
6265
111
106.9754
11.507
10448
188
158.5428
89.587
11656
154
138.7401
20.725
8982
186
114.9877
14.509
10143
180
122.7585
19.334
13235
165
147.0073
34.683
6158
133
110.4435
12.759
4831
114
90.9558
16.279
7776
153
117.2328
22.110
3211
194
98.5661
8.869
2085
116
78.5808
2.721
7463
246
103.0490
12.791
4112
135
84.7916
7.848
3415
135
81.5343
4.978
5880
143
95.8774
9.750
3634
157
94.1580
5.990
6510
232
106.1703
18.463
5232
190
92.7316
8.523
9869
236
137.6274
8.913
3738
113
87.4706
4.546
10765
161
148.4840
15.414
6386
136
105.7916
9.195
7253
164
125.1421
9.263
13384
202
156.9472
23.922
7748
138
117.9264
13.740
7325
156
132.2328
11.052
4990
131
93.5845
11.124
1786
128
65.0992
2.184
2825
188
76.0563
5.534
11036
244
126.2022
21.774
4387
172
100.1421
8.701
3274
179
86.0698
4.892
7024
197
107.9448
16.265
7877
211
123.0563
14.152
6870
182
109.4227
16.172
5914
205
98.6421
13.670
11794
172
115.6421
20.161
4816
164
101.5833
5.756
3900
227
114.9779
7.981
6930
155
110.2119
12.072
5091
220
104.1421
6.171
11779
225
133.5551
24.583
1216
127
54.9779
1.165
5383
131
86.8272
7.428
1964
144
78.6495
2.121
5436
129
114.1630
7.325
12887
123
123.0588
19.019
8306
244
118.2916
13.705
