13630
233
149.2328
62.017
5225
145
79.4706
19.443
7969
139
107.0833
22.086
13052
206
155.8369
41.130
13088
152
139.0685
31.528
10582
188
115.2414
21.069
11940
183
123.1446
37.195
14352
181
147.2867
36.400
9197
130
111.6862
21.743
6121
114
90.9558
13.454
9687
153
117.9828
18.272
6869
192
99.4374
24.776
3548
116
78.5808
6.550
11304
220
105.4338
39.162
3378
145
74.1495
5.596
2855
140
73.9632
4.912
7454
138
96.9056
12.797
2837
176
90.2880
4.890
12605
232
106.1703
36.766
8112
182
94.7953
15.834
9735
227
139.0269
25.208
5050
111
88.6274
9.268
11477
157
149.5159
22.494
7693
124
107.7622
15.912
8864
163
126.1348
13.657
14314
204
157.4472
23.049
8914
137
118.0906
24.094
8877
157
132.8970
21.426
7095
131
93.5845
19.738
1732
111
50.5919
6.467
4222
189
75.8921
14.322
13504
247
122.7095
39.941
8422
165
100.4632
22.098
5407
180
85.9056
12.468
10257
199
109.6948
30.972
10914
191
125.5122
24.075
11726
178
110.0367
35.389
9526
189
102.8982
37.535
13771
171
116.0563
202.135
5306
148
95.5833
8.761
6290
213
116.8198
38.672
10889
152
110.7046
24.957
8279
210
105.7843
32.419
14397
218
134.7046
38.209
2842
126
55.8921
3.976
7418
127
87.4840
10.283
2807
146
78.3211
3.827
7024
127
114.4914
8.385
14266
121
123.3872
41.450
11167
243
118.4558
50.889
