13984
234
147.5685
82.676
6991
151
78.5637
13.734
7851
133
103.3627
21.855
13407
208
155.2585
31.009
13295
156
138.5367
15.567
12127
190
114.3308
24.818
12659
184
122.1017
22.639
14383
180
144.6225
28.524
9724
162
105.6813
17.774
7489
114
90.9558
8.880
10308
179
112.9632
30.224
9934
200
97.5808
22.588
5679
116
78.5808
12.635
12294
251
102.3063
46.831
5530
146
73.9853
14.182
4200
152
72.5563
8.268
8594
143
95.8774
15.801
5420
184
88.9742
15.529
14142
232
106.1703
45.211
10020
191
92.5674
20.725
11325
243
136.4779
20.639
7729
113
87.4706
15.484
12454
161
148.4840
22.883
7867
136
105.7916
12.809
10688
165
124.9779
27.290
14442
203
156.7830
29.646
9035
138
117.9264
20.833
9045
165
130.7548
12.931
7662
131
93.5845
11.372
2935
113
50.2635
6.117
6568
198
74.4142
15.637
14329
254
120.6813
33.024
11294
172
100.1421
45.463
6039
191
82.0992
21.201
11494
197
107.9448
39.919
12912
211
123.0563
38.402
13420
190
108.1090
49.680
9623
205
98.6421
19.503
14742
172
115.6421
44.935
6790
182
95.8774
13.471
8399
227
114.9779
26.305
12991
170
108.5772
32.504
11081
223
103.6495
27.747
14668
240
131.9203
33.494
4097
130
54.4853
12.990
10857
146
85.1924
33.750
4672
147
78.1569
9.118
10798
129
114.1630
17.903
14494
123
123.0588
42.213
13458
245
118.1274
42.027
