142
141
172.4949
0.830
115
97
140.8626
0.529
107
105
116.5317
0.529
143
139
203.7596
0.690
149
118
197.3503
0.456
196
144
199.0477
0.299
146
135
187.6579
0.346
147
141
174.8479
0.729
124
114
151.1163
0.208
112
109
127.8406
0.236
108
105
148.2437
0.393
139
138
161.4508
0.608
117
112
107.6335
0.255
119
112
126.8307
0.297
84
83
112.7094
0.147
107
100
118.2315
0.280
96
94
127.0415
0.338
146
136
144.4839
0.453
147
143
171.8307
0.373
115
110
159.6076
0.261
143
136
207.7767
0.507
106
104
113.0416
0.285
148
140
188.3883
0.385
93
92
117.5170
0.391
121
117
135.4546
0.296
154
146
223.5366
0.545
104
90
163.2474
0.257
126
112
196.5059
0.549
90
80
122.4949
0.366
105
102
106.4190
0.384
138
121
187.7535
0.265
160
146
205.1016
0.388
135
129
165.7878
0.592
148
143
164.2548
0.785
124
114
184.4348
0.523
150
145
178.7437
0.356
132
114
177.6995
0.398
110
104
142.2731
0.352
133
124
171.6396
0.468
120
109
140.4619
0.165
136
134
194.3956
0.638
111
109
134.3160
0.233
129
120
161.1076
0.287
166
162
223.8282
0.420
96
94
83.9754
0.252
94
93
117.5097
0.329
135
127
161.7401
0.147
119
117
127.9693
0.206
114
108
153.3675
0.284
146
137
199.0721
0.275
